Lintang (deg), Bujur (deg), Tanggal (dd/mm/yyy), Waktu Akuisisi (UTC), Tingkat Kepercayaan (%), Satelit, Kecamatan, Kabupaten, Provinsi
-9.840518,120.509865,2015-06-01,05:34:00,62,aqua,undefined,undefined,undefined
-9.369286,119.941368,2015-06-01,05:34:00,55,aqua,undefined,undefined,undefined
-9.370589,119.932182,2015-06-01,05:34:00,54,aqua,undefined,undefined,undefined
-9.383265,119.325722,2015-06-01,05:34:00,65,aqua,                                         , Kab. Sumba Barat Daya , Nusa Tenggara Timur 
-2.581032,121.385292,2015-06-01,05:34:00,18,aqua,Nuha , Luwu Timur , Sulawesi Selatan 
-1.909307,115.846466,2015-06-01,05:34:00,30,aqua,Nuha , Luwu Timur , Sulawesi Selatan 
-0.557034,116.17366,2015-06-01,05:34:00,89,aqua,Jempang , Kutai Barat , Kalimantan Timur 
-0.552387,116.177025,2015-06-01,05:34:00,79,aqua,Jempang , Kutai Barat , Kalimantan Timur 
-0.520684,116.055305,2015-06-01,05:34:00,57,aqua,Jempang , Kutai Barat , Kalimantan Timur 
1.108283,117.863976,2015-06-01,05:34:00,57,aqua,Jempang , Kutai Barat , Kalimantan Timur 
2.246636,117.972359,2015-06-01,05:34:00,50,aqua,Jempang , Kutai Barat , Kalimantan Timur 
2.240283,117.927856,2015-06-01,05:34:00,57,aqua,Jempang , Kutai Barat , Kalimantan Timur 
2.239012,117.918953,2015-06-01,05:34:00,56,aqua,Jempang , Kutai Barat , Kalimantan Timur 
3.645733,117.128609,2015-06-01,05:34:00,37,aqua,Sesayap Hilir , Tana Tidung , Kalimantan Utara 
3.896384,117.019066,2015-06-01,05:34:00,55,aqua,Sembakung , Nunukan , Kalimantan Utara 
4.085158,117.11377,2015-06-01,05:34:00,60,aqua,Tulinonsoi , Nunukan , Kalimantan Utara 
-3.104422,129.924438,2015-06-02,04:40:00,60,aqua,Seram Utara ,                                          , Maluku 
-2.916679,129.661499,2015-06-02,04:40:00,41,aqua,Seram Utara ,                                          , Maluku 
1.302119,127.541595,2015-06-02,04:40:00,87,aqua,Seram Utara ,                                          , Maluku 
1.30012,127.527725,2015-06-02,04:40:00,81,aqua,Seram Utara ,                                          , Maluku 
-7,107.746849,2015-06-02,06:17:00,50,aqua,Seram Utara ,                                          , Maluku 
-5.617973,104.868591,2015-06-02,06:17:00,37,aqua,Cukuh Balak , Tanggamus , Lampung 
-4.815632,105.011116,2015-06-02,06:17:00,65,aqua,Abung Semuli , Lampung Utara , Lampung 
-3.779335,104.228554,2015-06-02,06:17:00,50,aqua,Lubai , Muara Enim , Sumatera Selatan 
-3.777759,104.222816,2015-06-02,06:17:00,62,aqua,Lubai , Muara Enim , Sumatera Selatan 
-3.33357,104.115837,2015-06-02,06:17:00,55,aqua,Tanah Abang , Penukal Abab Lematang Ilir , Sumatera Selatan 
-3.324883,103.861221,2015-06-02,06:17:00,95,aqua,Talang Ubi , Penukal Abab Lematang Ilir , Sumatera Selatan 
-3.45487,101.996025,2015-06-02,06:17:00,47,aqua,Lais , Bengkulu Utara , Bengkulu 
-2.094026,106.070526,2015-06-02,06:17:00,65,aqua,Lais , Bengkulu Utara , Bengkulu 
-2.561428,102.036484,2015-06-02,06:17:00,79,aqua,Jangkat , Merangin , Jambi 
-2.474481,102.569122,2015-06-02,06:17:00,72,aqua,Limun , Sarolangun , Jambi 
-2.476861,102.552017,2015-06-02,06:17:00,80,aqua,Limun , Sarolangun , Jambi 
-2.479494,102.056541,2015-06-02,06:17:00,67,aqua,Jangkat , Merangin , Jambi 
-2.301363,103.15007,2015-06-02,06:17:00,48,aqua,Pauh , Sarolangun , Jambi 
-2.433724,102.100632,2015-06-02,06:17:00,42,aqua,Jangkat , Merangin , Jambi 
-2.29897,102.515099,2015-06-02,06:17:00,100,aqua,Sarolangun , Sarolangun , Jambi 
-2.301355,102.498001,2015-06-02,06:17:00,64,aqua,Sarolangun , Sarolangun , Jambi 
-2.337474,102.040054,2015-06-02,06:17:00,47,aqua,Muara Siau , Merangin , Jambi 
-2.293883,102.165062,2015-06-02,06:17:00,63,aqua,Muara Siau , Merangin , Jambi 
-2.269465,101.973,2015-06-02,06:17:00,64,aqua,Muara Siau , Merangin , Jambi 
-2.272022,101.954498,2015-06-02,06:17:00,85,aqua,Muara Siau , Merangin , Jambi 
-2.241547,101.988029,2015-06-02,06:17:00,70,aqua,Muara Siau , Merangin , Jambi 
-2.269835,101.968353,2015-06-02,06:17:00,78,aqua,Muara Siau , Merangin , Jambi 
-2.272539,101.949814,2015-06-02,06:17:00,79,aqua,Muara Siau , Merangin , Jambi 
-2.241757,101.983536,2015-06-02,06:17:00,71,aqua,Muara Siau , Merangin , Jambi 
-1.849143,102.542114,2015-06-02,06:17:00,43,aqua,Tebo Tengah , Tebo , Jambi 
-1.609928,102.681877,2015-06-02,06:17:00,24,aqua,Tebo Tengah , Tebo , Jambi 
-1.616211,102.677521,2015-06-02,06:17:00,45,aqua,Tebo Tengah , Tebo , Jambi 
-1.67218,102.035866,2015-06-02,06:17:00,41,aqua,Rantau Pandan , Bungo , Jambi 
-1.551061,101.41922,2015-06-02,06:17:00,75,aqua,Sangir , Solok Selatan , Sumatera Barat 
-0.292883,109.801712,2015-06-02,06:17:00,41,aqua,Terentang , Kubu Raya , Kalimantan Barat 
-0.2943,109.791725,2015-06-02,06:17:00,28,aqua,Terentang , Kubu Raya , Kalimantan Barat 
-1.45122,101.658974,2015-06-02,06:17:00,59,aqua,Koto Baru , Dharmasraya , Sumatera Barat 
-1.406098,101.512428,2015-06-02,06:17:00,34,aqua,Sangir , Solok Selatan , Sumatera Barat 
-1.408662,101.507614,2015-06-02,06:17:00,49,aqua,Sangir , Solok Selatan , Sumatera Barat 
-0.92456,101.692024,2015-06-02,06:17:00,87,aqua,Pulau Punjung , Dharmasraya , Sumatera Barat 
-0.927112,101.673752,2015-06-02,06:17:00,79,aqua,Pulau Punjung , Dharmasraya , Sumatera Barat 
-0.9367,101.687454,2015-06-02,06:17:00,75,aqua,Pulau Punjung , Dharmasraya , Sumatera Barat 
-0.924069,101.685272,2015-06-02,06:17:00,87,aqua,Pulau Punjung , Dharmasraya , Sumatera Barat 
0.907959,104.142044,2015-06-02,06:17:00,37,aqua,Pulau Punjung , Dharmasraya , Sumatera Barat 
2,125.403885,2015-06-02,17:03:00,78,aqua,Pulau Punjung , Dharmasraya , Sumatera Barat 
-1,103.485672,2015-06-03,07:03:00,52,aqua,Tungkalilir , Tanjung Jabung Barat , Jambi 
-1.081132,103.465935,2015-06-03,07:03:00,67,aqua,Muara Sabak , Tanjung Jabung Timur , Jambi 
-1.080997,103.48111,2015-06-03,07:03:00,37,aqua,Muara Sabak , Tanjung Jabung Timur , Jambi 
-1.025209,101.841553,2015-06-03,07:03:00,100,aqua,Tebo Ulu , Tebo , Jambi 
-1.027412,101.82682,2015-06-03,07:03:00,43,aqua,Tebo Ulu , Tebo , Jambi 
-1.024056,101.849709,2015-06-03,07:03:00,100,aqua,Tebo Ulu , Tebo , Jambi 
-1.02616,101.834892,2015-06-03,07:03:00,100,aqua,Tebo Ulu , Tebo , Jambi 
0.19325,102.799911,2015-06-03,07:03:00,28,aqua,Tebo Ulu , Tebo , Jambi 
0.126546,101.872803,2015-06-03,07:03:00,54,aqua,Langgam , Pelalawan , Riau 
0.413873,102.965889,2015-06-03,07:03:00,71,aqua,Langgam , Pelalawan , Riau 
0.417043,102.977356,2015-06-03,07:03:00,66,aqua,Langgam , Pelalawan , Riau 
0.456283,103.070374,2015-06-03,07:03:00,37,aqua,Langgam , Pelalawan , Riau 
-2.613079,140.667969,2015-06-04,04:30:00,28,aqua,Langgam , Pelalawan , Riau 
-2.447815,133.136246,2015-06-04,04:30:00,54,aqua,Langgam , Pelalawan , Riau 
-0.823646,133.136368,2015-06-04,04:30:00,72,aqua,Kebar , Tambrauw , Papua Barat 
1.248506,128.693512,2015-06-04,04:30:00,43,aqua,Maba Utara , Kab. Halmahera Tengah , Maluku Utara 
-2,110.921028,2015-06-04,06:10:00,71,aqua,Riam , Ketapang , Kalimantan Barat 
-2.90507,105.63179,2015-06-04,06:10:00,21,aqua,Tulung Selapan , Ogan Komering Ilir , Sumatera Selatan 
-0.7295,116.899361,2015-06-04,06:10:00,31,aqua,Tulung Selapan , Ogan Komering Ilir , Sumatera Selatan 
-0.729237,116.894051,2015-06-04,06:10:00,25,aqua,Tulung Selapan , Ogan Komering Ilir , Sumatera Selatan 
-1.937244,104.139404,2015-06-04,06:10:00,31,aqua,Banyunglincir , Musi Banyuasin , Sumatera Selatan 
-0.371336,109.699745,2015-06-04,06:10:00,53,aqua,Terentang , Kubu Raya , Kalimantan Barat 
0.133269,109.690887,2015-06-04,06:10:00,51,aqua,Sebangki , Landak , Kalimantan Barat 
0.822266,111.161484,2015-06-04,06:10:00,70,aqua,Ketungau Hulu , Sintang , Kalimantan Barat 
0.82098,111.152504,2015-06-04,06:10:00,56,aqua,Ketungau Hulu , Sintang , Kalimantan Barat 
1.012705,112.1157,2015-06-04,06:10:00,58,aqua,Batang Lupar , Kapuas Hulu , Kalimantan Barat 
2.875536,108.851379,2015-06-04,06:10:00,85,aqua,Batang Lupar , Kapuas Hulu , Kalimantan Barat 
-9.34684,119.906487,2015-06-05,05:10:00,40,aqua,Batang Lupar , Kapuas Hulu , Kalimantan Barat 
-2.583423,121.382904,2015-06-05,05:10:00,87,aqua,Nuha , Luwu Timur , Sulawesi Selatan 
-2.585128,121.370506,2015-06-05,05:10:00,37,aqua,Nuha , Luwu Timur , Sulawesi Selatan 
-2.577179,121.389488,2015-06-05,05:10:00,52,aqua,Nuha , Luwu Timur , Sulawesi Selatan 
-2.578947,121.37719,2015-06-05,05:10:00,84,aqua,Nuha , Luwu Timur , Sulawesi Selatan 
0.519955,122.520027,2015-06-05,05:10:00,59,aqua,Paguyamanpantai , Boalemo , Gorontalo 
0.571467,120.298996,2015-06-05,05:10:00,54,aqua,Paguyamanpantai , Boalemo , Gorontalo 
1.039969,121.462723,2015-06-05,05:10:00,76,aqua,Bukal , Buol , Sulawesi Tengah 
1.045055,121.427872,2015-06-05,05:10:00,66,aqua,Bukal , Buol , Sulawesi Tengah 
2.766384,125.403763,2015-06-05,05:10:00,92,aqua,Siau Tengah , Kepulauan Siau Tagulandang Biaro , Sulawesi Utara 
2.77393,125.405518,2015-06-05,05:10:00,82,aqua,Siau Tengah , Kepulauan Siau Tagulandang Biaro , Sulawesi Utara 
2.7727,125.396873,2015-06-05,05:10:00,70,aqua,Siau Tengah , Kepulauan Siau Tagulandang Biaro , Sulawesi Utara 
2.162043,117.281425,2015-06-05,05:10:00,85,aqua,Gunungtabur , Berau , Kalimantan Timur 
-3,103.208305,2015-06-05,06:51:00,83,aqua,Muara Kelingi , Musi Rawas , Sumatera Selatan 
-1.970046,104.19426,2015-06-05,06:51:00,58,aqua,Muara Telang , Banyuasin , Sumatera Selatan 
-1.642821,104.475067,2015-06-05,06:51:00,59,aqua,Muara Telang , Banyuasin , Sumatera Selatan 
-1.493916,103.972229,2015-06-05,06:51:00,30,aqua,Kumpeh , Muaro Jambi , Jambi 
-0.082046,109.909531,2015-06-05,06:51:00,19,aqua,Tayan Hilir , Sanggau , Kalimantan Barat 
-1.191674,99.006264,2015-06-05,06:51:00,69,aqua,Siberut Utara , Kepulauan Mentawai , Sumatera Barat 
-0.324047,103.156021,2015-06-05,06:51:00,48,aqua,Siberut Utara , Kepulauan Mentawai , Sumatera Barat 
0.196089,101.635498,2015-06-05,06:51:00,64,aqua,Langgam , Pelalawan , Riau 
0.771559,102.250137,2015-06-05,06:51:00,55,aqua,Sungai Apit , Siak , Riau 
0.774031,101.684853,2015-06-05,06:51:00,63,aqua,Siak Sri Indrapura , Siak , Riau 
0.797967,101.651413,2015-06-05,06:51:00,58,aqua,Siak , Siak , Riau 
0.887078,101.703178,2015-06-05,06:51:00,53,aqua,Siak , Siak , Riau 
0.996934,102.166954,2015-06-05,06:51:00,16,aqua,Siak , Siak , Riau 
1.10788,102.029266,2015-06-05,06:51:00,85,aqua,Siak , Siak , Riau 
1.207931,99.179581,2015-06-05,06:51:00,58,aqua,Batang Angkola , Tapanuli Selatan , Sumatera Utara 
1.736058,101.611435,2015-06-05,06:51:00,78,aqua,Rupat , Bengkalis , Riau 
-3.908534,138.718033,2015-06-06,04:18:00,97,aqua,Makki , Lanny Jaya , Papua 
-3.909814,138.708969,2015-06-06,04:18:00,87,aqua,Makki , Lanny Jaya , Papua 
-3.899571,138.716553,2015-06-06,04:18:00,61,aqua,Makki , Lanny Jaya , Papua 
-3.996228,137.646179,2015-06-06,04:18:00,42,aqua,Tingginambut , Puncak , Papua 
-3.997578,137.636597,2015-06-06,04:18:00,29,aqua,Irimuli , Puncak , Papua 
-3.592443,138.416,2015-06-06,04:18:00,59,aqua,Timori , Toli Kara , Papua 
-8.119982,112.921745,2015-06-06,05:55:00,64,aqua,Pronojiwo , Lumajang , Jawa Timur 
-1.787097,113.688683,2015-06-06,05:55:00,71,aqua,Pronojiwo , Lumajang , Jawa Timur 
-1.78838,113.67971,2015-06-06,05:55:00,42,aqua,Pronojiwo , Lumajang , Jawa Timur 
1.534958,124.90815,2015-06-07,04:58:00,23,aqua,Pronojiwo , Lumajang , Jawa Timur 
-1,103.972733,2015-06-07,06:36:00,62,aqua,Pronojiwo , Lumajang , Jawa Timur 
-1.294271,103.630127,2015-06-07,06:36:00,39,aqua,Muara Sabak , Tanjung Jabung Timur , Jambi 
-0.655476,101.792747,2015-06-07,06:36:00,82,aqua,Kuatan Hilir , Kuantan Singingi , Riau 
-0.106133,102.928329,2015-06-07,06:36:00,64,aqua,Gaunganakserka , Indragiri Hilir , Riau 
0.152501,101.516136,2015-06-07,06:36:00,21,aqua,Kampar Kiri Hilir , Kampar , Riau 
0.416514,102.976814,2015-06-07,06:36:00,19,aqua,Kampar Kiri Hilir , Kampar , Riau 
0.415243,102.967911,2015-06-07,06:36:00,38,aqua,Kampar Kiri Hilir , Kampar , Riau 
-3.667389,137.969284,2015-06-09,04:47:00,53,aqua,Woniki , Toli Kara , Papua 
-3.667979,137.961823,2015-06-09,04:47:00,72,aqua,Woniki , Toli Kara , Papua 
1.447004,125.181503,2015-06-09,04:47:00,28,aqua,Woniki , Toli Kara , Papua 
2,101.312134,2015-06-09,06:24:00,28,aqua,Woniki , Toli Kara , Papua 
-8.57747,122.148041,2015-06-10,05:28:00,21,aqua,Woniki , Toli Kara , Papua 
2.125628,117.59166,2015-06-10,05:28:00,71,aqua,Woniki , Toli Kara , Papua 
2.156928,117.499535,2015-06-10,05:28:00,58,aqua,Woniki , Toli Kara , Papua 
3.679449,116.784332,2015-06-10,05:28:00,40,aqua,Woniki , Toli Kara , Papua 
-1,115.852371,2015-06-10,17:52:00,54,aqua,Siliqngurai , Kutai Barat , Kalimantan Timur 
-6.200458,138.991333,2015-06-11,04:35:00,34,aqua,Siliqngurai , Kutai Barat , Kalimantan Timur 
-8.17275,113.193336,2015-06-11,06:12:00,62,aqua,Tempeh , Lumajang , Jawa Timur 
-8.174297,113.183014,2015-06-11,06:12:00,67,aqua,Tempeh , Lumajang , Jawa Timur 
-7.394289,112.364006,2015-06-11,06:12:00,74,aqua,Kemlagi , Mojokerto , Jawa Timur 
-2.884747,105.757553,2015-06-11,06:12:00,19,aqua,Kemlagi , Mojokerto , Jawa Timur 
-1.6994,106.010536,2015-06-11,06:12:00,61,aqua,Kemlagi , Mojokerto , Jawa Timur 
0.235564,102.373604,2015-06-11,06:12:00,63,aqua,Kuala Kampar , Pelalawan , Riau 
2,125.406578,2015-06-11,16:57:00,72,aqua,Kuala Kampar , Pelalawan , Riau 
2.772501,125.410027,2015-06-11,16:57:00,36,aqua,Siau Tengah , Kepulauan Siau Tagulandang Biaro , Sulawesi Utara 
-2,121.385208,2015-06-12,05:20:00,91,aqua,Siau Tengah , Kepulauan Siau Tagulandang Biaro , Sulawesi Utara 
-2.583877,121.375183,2015-06-12,05:20:00,79,aqua,Nuha , Luwu Timur , Sulawesi Selatan 
-3,104.502747,2015-06-12,07:00:00,56,aqua,Rantau Banyur , Banyuasin , Sumatera Selatan 
-3.105951,103.196899,2015-06-12,07:00:00,63,aqua,Muara Kelingi , Musi Rawas , Sumatera Selatan 
-0.817829,134.046478,2015-06-13,04:23:00,43,aqua,Manokwari , Manokwari , Papua Barat 
-9.400073,119.951347,2015-06-13,05:59:00,45,aqua,Manokwari , Manokwari , Papua Barat 
-9.409196,119.947098,2015-06-13,05:59:00,68,aqua,Manokwari , Manokwari , Papua Barat 
-8.111365,112.919472,2015-06-13,05:59:00,35,aqua,Ampel Gading , Malang , Jawa Timur 
-6.762925,111.175903,2015-06-13,05:59:00,54,aqua,Jakenan , Pati , Jawa Tengah 
-6.410457,107.717278,2015-06-13,05:59:00,74,aqua,Jakenan , Pati , Jawa Tengah 
-6.398046,107.715523,2015-06-13,05:59:00,41,aqua,Jakenan , Pati , Jawa Tengah 
-6.406434,107.729889,2015-06-13,05:59:00,53,aqua,Jakenan , Pati , Jawa Tengah 
-6.408929,107.711853,2015-06-13,05:59:00,74,aqua,Jakenan , Pati , Jawa Tengah 
-1.72595,114.837791,2015-06-13,05:59:00,37,aqua,Dusun Selatan , Barito Selatan , Kalimantan Tengah 
-8.443292,123.128654,2015-06-14,05:05:00,12,aqua,Dusun Selatan , Barito Selatan , Kalimantan Tengah 
-8.445298,123.113541,2015-06-14,05:05:00,70,aqua,Solor Timur , Kab. Flores Timur , Nusa Tenggara Timur 
-2.580371,121.37664,2015-06-14,05:05:00,34,aqua,Nuha , Luwu Timur , Sulawesi Selatan 
-4,104.819092,2015-06-14,06:43:00,76,aqua,Belitang Ii , Ogan Komering Ulu Timur , Sumatera Selatan 
-4.290834,104.719505,2015-06-14,06:43:00,85,aqua,Pakuan Ratu , Way Kanan , Lampung 
-4.292351,104.709175,2015-06-14,06:43:00,83,aqua,Pakuan Ratu , Way Kanan , Lampung 
-3.901914,104.494904,2015-06-14,06:43:00,70,aqua,Madang Sk I , Ogan Komering Ulu Timur , Sumatera Selatan 
-3.903382,104.484734,2015-06-14,06:43:00,66,aqua,Peninjauan , Ogan Komering Ulu , Sumatera Selatan 
-3.428911,104.322723,2015-06-14,06:43:00,70,aqua,Lembak , Muara Enim , Sumatera Selatan 
-3.424058,103.981606,2015-06-14,06:43:00,58,aqua,Rambang Dangku , Muara Enim , Sumatera Selatan 
-3.269055,103.207581,2015-06-14,06:43:00,59,aqua,Jayaloka , Musi Rawas , Sumatera Selatan 
-3.27037,103.198372,2015-06-14,06:43:00,71,aqua,Jayaloka , Musi Rawas , Sumatera Selatan 
-3.08234,104.043877,2015-06-14,06:43:00,65,aqua,Penukal Utara , Penukal Abab Lematang Ilir , Sumatera Selatan 
-3.100974,103.91642,2015-06-14,06:43:00,66,aqua,Penukal Utara , Penukal Abab Lematang Ilir , Sumatera Selatan 
-8,117.953949,2015-06-15,05:51:00,60,aqua,Penukal Utara , Penukal Abab Lematang Ilir , Sumatera Selatan 
-8.198411,119.06617,2015-06-15,05:51:00,52,aqua,Wera , Bima , Nusa Tenggara Barat 
-8.121455,112.921356,2015-06-15,05:51:00,28,aqua,Pronojiwo , Lumajang , Jawa Timur 
-7.56684,112.604378,2015-06-15,05:51:00,56,aqua,Ngoro , Mojokerto , Jawa Timur 
-2.298651,110.94236,2015-06-15,05:51:00,52,aqua,Manisamata , Ketapang , Kalimantan Barat 
-2.287195,110.940742,2015-06-15,05:51:00,52,aqua,Manisamata , Ketapang , Kalimantan Barat 
-6.597596,108.131714,2015-06-16,06:30:00,76,aqua,Manisamata , Ketapang , Kalimantan Barat 
-6.599097,108.121552,2015-06-16,06:30:00,67,aqua,Manisamata , Ketapang , Kalimantan Barat 
-4.972772,105.564072,2015-06-16,06:30:00,65,aqua,Sukadana , Lampung Timur , Lampung 
-4.672112,105.356628,2015-06-16,06:30:00,70,aqua,Nunyai , Lampung Tengah , Lampung 
-4.673386,105.347672,2015-06-16,06:30:00,74,aqua,Nunyai , Lampung Tengah , Lampung 
-4.636992,104.886749,2015-06-16,06:30:00,50,aqua,Bunga Mayang , Lampung Utara , Lampung 
-4.319549,103.877159,2015-06-16,06:30:00,65,aqua,Muara Dua Kisam , Ogan Komering Ulu Selatan , Sumatera Selatan 
-3.782214,105.784325,2015-06-16,06:30:00,55,aqua,Cengal , Ogan Komering Ilir , Sumatera Selatan 
-3.915035,104.534256,2015-06-16,06:30:00,83,aqua,Cempaka , Ogan Komering Ulu Timur , Sumatera Selatan 
-3.861743,104.192497,2015-06-16,06:30:00,62,aqua,Lubuk Batang , Ogan Komering Ulu , Sumatera Selatan 
-3.796758,104.455078,2015-06-16,06:30:00,62,aqua,Peninjauan , Ogan Komering Ulu , Sumatera Selatan 
-3.798049,104.445953,2015-06-16,06:30:00,75,aqua,Peninjauan , Ogan Komering Ulu , Sumatera Selatan 
-3.759959,104.200562,2015-06-16,06:30:00,60,aqua,Lubai , Muara Enim , Sumatera Selatan 
-3.487342,104.49794,2015-06-16,06:30:00,100,aqua,Muarakuang , Ogan Ilir , Sumatera Selatan 
-3.44469,104.277847,2015-06-16,06:30:00,66,aqua,Prabu Mulih Timur , Kota Prabumulih , Sumatera Selatan 
-3.435611,104.276543,2015-06-16,06:30:00,80,aqua,Prabu Mulih Timur , Kota Prabumulih , Sumatera Selatan 
-3.358594,104.630455,2015-06-16,06:30:00,67,aqua,Tanjung Batu , Ogan Ilir , Sumatera Selatan 
-3.346973,104.518158,2015-06-16,06:30:00,73,aqua,Gelumbang , Muara Enim , Sumatera Selatan 
-3.348259,104.509102,2015-06-16,06:30:00,82,aqua,Gelumbang , Muara Enim , Sumatera Selatan 
-3.384469,104.253944,2015-06-16,06:30:00,64,aqua,Cambai , Kota Prabumulih , Sumatera Selatan 
-3.449042,103.797821,2015-06-16,06:30:00,71,aqua,Gunung Megang , Muara Enim , Sumatera Selatan 
-2.769907,105.656204,2015-06-16,06:30:00,15,aqua,Gunung Megang , Muara Enim , Sumatera Selatan 
-2.516441,106.465096,2015-06-16,06:30:00,45,aqua,Gunung Megang , Muara Enim , Sumatera Selatan 
-2.769478,103.782684,2015-06-16,06:30:00,24,aqua,Babattoman , Musi Banyuasin , Sumatera Selatan 
-2.770794,103.773323,2015-06-16,06:30:00,66,aqua,Babattoman , Musi Banyuasin , Sumatera Selatan 
-2.714875,103.721359,2015-06-16,06:30:00,61,aqua,Babattoman , Musi Banyuasin , Sumatera Selatan 
-0.402339,102.015694,2015-06-16,06:30:00,41,aqua,Pasir Penyu , Indragiri Hulu , Riau 
0.72588,102.119614,2015-06-16,06:30:00,43,aqua,Siak Sri Indrapura , Siak , Riau 
1.11571,99.884842,2015-06-16,06:30:00,71,aqua,Sosa , Padang Lawas , Sumatera Utara 
1.113684,99.871086,2015-06-16,06:30:00,88,aqua,Sosa , Padang Lawas , Sumatera Utara 
-2,121.384247,2015-06-17,05:40:00,28,aqua,Sosa , Padang Lawas , Sumatera Utara 
-2.578761,121.372154,2015-06-17,05:40:00,95,aqua,Nuha , Luwu Timur , Sulawesi Selatan 
1.443376,125.192467,2015-06-17,05:40:00,33,aqua,Nuha , Luwu Timur , Sulawesi Selatan 
-6.97418,107.61161,2015-06-18,06:18:00,49,aqua,Nuha , Luwu Timur , Sulawesi Selatan 
-4.951561,105.586159,2015-06-18,06:18:00,61,aqua,Sukadana , Lampung Timur , Lampung 
-4.953146,105.574791,2015-06-18,06:18:00,50,aqua,Sukadana , Lampung Timur , Lampung 
-4.687678,105.425453,2015-06-18,06:18:00,73,aqua,Sukadana , Lampung Timur , Lampung 
-4.689273,105.413979,2015-06-18,06:18:00,71,aqua,Sukadana , Lampung Timur , Lampung 
-4.422121,105.797935,2015-06-18,06:18:00,57,aqua,Gedung Meneng , Tulang Bawang , Lampung 
-4.552533,104.417503,2015-06-18,06:18:00,54,aqua,Blambangan Umpu , Way Kanan , Lampung 
-4.327076,103.888351,2015-06-18,06:18:00,59,aqua,Muara Dua Kisam , Ogan Komering Ulu Selatan , Sumatera Selatan 
-3.317667,104.064598,2015-06-18,06:18:00,71,aqua,Tanah Abang , Penukal Abab Lematang Ilir , Sumatera Selatan 
-2.87653,105.75946,2015-06-18,06:18:00,33,aqua,Tanah Abang , Penukal Abab Lematang Ilir , Sumatera Selatan 
-2.814044,106.136635,2015-06-18,06:18:00,73,aqua,Tanah Abang , Penukal Abab Lematang Ilir , Sumatera Selatan 
-2.695299,106.660141,2015-06-18,06:18:00,70,aqua,Tanah Abang , Penukal Abab Lematang Ilir , Sumatera Selatan 
-2.696653,106.650635,2015-06-18,06:18:00,88,aqua,Tanah Abang , Penukal Abab Lematang Ilir , Sumatera Selatan 
-2.79681,105.375847,2015-06-18,06:18:00,35,aqua,Pampangan , Ogan Komering Ilir , Sumatera Selatan 
-3.122279,102.83667,2015-06-18,06:18:00,57,aqua,Selangit , Musi Rawas , Sumatera Selatan 
-3.1246,102.819992,2015-06-18,06:18:00,42,aqua,Selangit , Musi Rawas , Sumatera Selatan 
-2.090778,105.876015,2015-06-18,06:18:00,80,aqua,Selangit , Musi Rawas , Sumatera Selatan 
-2.12518,103.24762,2015-06-18,06:18:00,53,aqua,Bajubang , Batanghari , Jambi 
-0.92258,110.425034,2015-06-18,06:18:00,66,aqua,Sungai Laur , Ketapang , Kalimantan Barat 
-0.849798,102.153648,2015-06-18,06:18:00,99,aqua,Seberida , Indragiri Hulu , Riau 
-0.248446,102.898018,2015-06-18,06:18:00,30,aqua,Gaunganakserka , Indragiri Hilir , Riau 
0.119676,102.678078,2015-06-18,06:18:00,60,aqua,Kuala Kampar , Pelalawan , Riau 
0.184869,102.806007,2015-06-18,06:18:00,37,aqua,Kuala Kampar , Pelalawan , Riau 
1.141232,109.248177,2015-06-18,06:18:00,22,aqua,Tebas , Sambas , Kalimantan Barat 
0.172674,102.410988,2015-06-18,06:18:00,56,aqua,Kuala Kampar , Pelalawan , Riau 
3,98.394264,2015-06-18,18:43:00,100,aqua,Kuala Kampar , Pelalawan , Riau 
3.171645,98.405319,2015-06-18,18:43:00,50,aqua,Kuala Kampar , Pelalawan , Riau 
-0.965642,102.232872,2015-06-18,18:43:00,45,aqua,Tebo Ilir , Tebo , Jambi 
-10.803102,122.872261,2015-06-19,05:22:00,46,aqua,Tebo Ilir , Tebo , Jambi 
-8.272192,123.85643,2015-06-19,05:22:00,57,aqua,Buyasuri , Kab. Lembata , Nusa Tenggara Timur 
-7.793003,125.942162,2015-06-19,05:22:00,56,aqua,Pulau Terselatan , Kab. Maluku Tenggara Barat , Maluku 
-8.118273,114.051079,2015-06-20,06:05:00,73,aqua,Tlogosari , Bondowoso , Jawa Timur 
-7.577986,112.642433,2015-06-20,06:05:00,74,aqua,Ngoro , Mojokerto , Jawa Timur 
-7.201671,112.636406,2015-06-20,06:05:00,29,aqua,Benowo , Kota Surabaya , Jawa Timur 
-6.969018,110.33049,2015-06-20,06:05:00,46,aqua,Tugu , Kota Semarang , Jawa Tengah 
-6.785553,111.101173,2015-06-20,06:05:00,74,aqua,Winong , Pati , Jawa Tengah 
-3.798695,105.235588,2015-06-20,06:05:00,41,aqua,Mesuji , Ogan Komering Ilir , Sumatera Selatan 
-2.697371,111.587593,2015-06-20,06:05:00,25,aqua,Arut Selatan , Kota Waringin Barat , Kalimantan Tengah 
-2.687117,111.595245,2015-06-20,06:05:00,33,aqua,Arut Selatan , Kota Waringin Barat , Kalimantan Tengah 
-2.529528,112.436302,2015-06-20,06:05:00,69,aqua,Arut Selatan , Kota Waringin Barat , Kalimantan Tengah 
-2.277653,112.780876,2015-06-20,06:05:00,48,aqua,Arut Selatan , Kota Waringin Barat , Kalimantan Tengah 
-2.205229,113.086342,2015-06-20,06:05:00,25,aqua,Arut Selatan , Kota Waringin Barat , Kalimantan Tengah 
-2.592553,110.382584,2015-06-20,06:05:00,40,aqua,Arut Selatan , Kota Waringin Barat , Kalimantan Tengah 
-2.378351,111.116562,2015-06-20,06:05:00,36,aqua,Balai Riam , Sukamara , Kalimantan Tengah 
-3.372046,103.955772,2015-06-20,06:05:00,74,aqua,Talang Ubi , Penukal Abab Lematang Ilir , Sumatera Selatan 
-1.903175,113.6138,2015-06-20,06:05:00,39,aqua,Talang Ubi , Penukal Abab Lematang Ilir , Sumatera Selatan 
-1.993094,112.003342,2015-06-20,06:05:00,70,aqua,Arut Utara , Kota Waringin Barat , Kalimantan Tengah 
-2.570446,106.385605,2015-06-20,06:05:00,62,aqua,Arut Utara , Kota Waringin Barat , Kalimantan Tengah 
-2.572527,106.370461,2015-06-20,06:05:00,57,aqua,Arut Utara , Kota Waringin Barat , Kalimantan Tengah 
-2.573439,106.380852,2015-06-20,06:05:00,70,aqua,Arut Utara , Kota Waringin Barat , Kalimantan Tengah 
-1.842156,110.61338,2015-06-20,06:05:00,54,aqua,Tumbang Titi , Ketapang , Kalimantan Barat 
-2.516378,103.654152,2015-06-20,06:05:00,43,aqua,Batanghari Leko , Musi Banyuasin , Sumatera Selatan 
-2.502124,103.652176,2015-06-20,06:05:00,24,aqua,Batanghari Leko , Musi Banyuasin , Sumatera Selatan 
-2.505503,103.627525,2015-06-20,06:05:00,39,aqua,Batanghari Leko , Musi Banyuasin , Sumatera Selatan 
-2.51276,103.646797,2015-06-20,06:05:00,72,aqua,Batanghari Leko , Musi Banyuasin , Sumatera Selatan 
-2.006499,103.695206,2015-06-20,06:05:00,76,aqua,Banyunglincir , Musi Banyuasin , Sumatera Selatan 
-1.944482,103.830902,2015-06-20,06:05:00,75,aqua,Banyunglincir , Musi Banyuasin , Sumatera Selatan 
-1.9388,103.823395,2015-06-20,06:05:00,40,aqua,Banyunglincir , Musi Banyuasin , Sumatera Selatan 
-1.827832,102.921829,2015-06-20,06:05:00,52,aqua,Batin Xxiv , Batanghari , Jambi 
-0.825944,109.867683,2015-06-20,06:05:00,69,aqua,Batu Ampar , Kubu Raya , Kalimantan Barat 
1.510816,109.670326,2015-06-20,06:05:00,67,aqua,Sajingan Besar , Sambas , Kalimantan Barat 
1.509522,109.661324,2015-06-20,06:05:00,78,aqua,Sajingan Besar , Sambas , Kalimantan Barat 
0.793012,102.138008,2015-06-20,06:05:00,47,aqua,Siak Sri Indrapura , Siak , Riau 
1.306048,101.908577,2015-06-20,06:05:00,26,aqua,Siak Sri Indrapura , Siak , Riau 
-9.727687,120.416725,2015-06-21,05:10:00,83,aqua,Siak Sri Indrapura , Siak , Riau 
-9.726096,120.431175,2015-06-21,05:10:00,58,aqua,Siak Sri Indrapura , Siak , Riau 
-9.728592,120.411911,2015-06-21,05:10:00,80,aqua,Siak Sri Indrapura , Siak , Riau 
-9.715873,120.409859,2015-06-21,05:10:00,75,aqua,Siak Sri Indrapura , Siak , Riau 
-8.74091,125.191536,2015-06-21,05:10:00,31,aqua,Siak Sri Indrapura , Siak , Riau 
-8.622652,122.373146,2015-06-21,05:10:00,49,aqua,Siak Sri Indrapura , Siak , Riau 
-8.206573,119.06218,2015-06-21,05:10:00,50,aqua,Wera , Bima , Nusa Tenggara Barat 
0.340375,116.375671,2015-06-21,05:10:00,68,aqua,Kembang Janggut , Kutai Kartanegara , Kalimantan Timur 
1.988618,117.380913,2015-06-21,05:10:00,49,aqua,Kembang Janggut , Kutai Kartanegara , Kalimantan Timur 
2.53825,117.80751,2015-06-21,05:10:00,74,aqua,Tanungpalas Timur , Bulungan , Kalimantan Utara 
-4,105.819656,2015-06-21,06:50:00,42,aqua,Pematang Panggang , Ogan Komering Ilir , Sumatera Selatan 
-3.402081,104.269676,2015-06-21,06:50:00,46,aqua,Prabu Mulih Timur , Kota Prabumulih , Sumatera Selatan 
-3.432829,103.991661,2015-06-21,06:50:00,52,aqua,Rambang Dangku , Muara Enim , Sumatera Selatan 
-3.363632,102.985077,2015-06-21,06:50:00,61,aqua,Muara Beliti , Musi Rawas , Sumatera Selatan 
-3.365115,102.974747,2015-06-21,06:50:00,70,aqua,Kota Padang , Rejang Lebong , Bengkulu 
-3.269606,103.36039,2015-06-21,06:50:00,39,aqua,Cecar , Musi Rawas , Sumatera Selatan 
-2.806635,103.317719,2015-06-21,06:50:00,44,aqua,Muara Lakitan , Musi Rawas , Sumatera Selatan 
-2.654077,103.725113,2015-06-21,06:50:00,54,aqua,Batanghari Leko , Musi Banyuasin , Sumatera Selatan 
-2.323075,101.905617,2015-06-21,06:50:00,68,aqua,Muara Siau , Merangin , Jambi 
-1.944339,103.837547,2015-06-21,06:50:00,44,aqua,Banyunglincir , Musi Banyuasin , Sumatera Selatan 
-1.395513,101.827995,2015-06-21,06:50:00,69,aqua,Tanah Tumbuh , Bungo , Jambi 
-1.396886,101.81839,2015-06-21,06:50:00,67,aqua,Tanah Tumbuh , Bungo , Jambi 
-1.387622,101.817024,2015-06-21,06:50:00,41,aqua,Tanah Tumbuh , Bungo , Jambi 
-0.909411,102.073868,2015-06-21,06:50:00,78,aqua,Tebo Ulu , Tebo , Jambi 
-0.721478,101.526375,2015-06-21,06:50:00,62,aqua,Kuatan Mudik , Kuantan Singingi , Riau 
-0.215229,101.715195,2015-06-21,06:50:00,57,aqua,Pangkalan Kuras , Pelalawan , Riau 
-0.179328,101.700165,2015-06-21,06:50:00,66,aqua,Pangkalan Kuras , Pelalawan , Riau 
-0.276744,101.022675,2015-06-21,06:50:00,63,aqua,Kampar Kiri Hulu , Kampar , Riau 
-0.123111,101.588058,2015-06-21,06:50:00,74,aqua,Langgam , Pelalawan , Riau 
-0.17581,101.219597,2015-06-21,06:50:00,58,aqua,Singingi , Kuantan Singingi , Riau 
0.52936,101.983475,2015-06-21,06:50:00,9,aqua,Bunut , Pelalawan , Riau 
0.412681,100.697121,2015-06-21,06:50:00,68,aqua,Tapungkiri , Kampar , Riau 
0.560317,100.571342,2015-06-21,06:50:00,76,aqua,Tandun , Rokan Hulu , Riau 
0.748057,101.685257,2015-06-21,06:50:00,71,aqua,Siak Sri Indrapura , Siak , Riau 
1.239105,102.251747,2015-06-21,06:50:00,24,aqua,Siak Sri Indrapura , Siak , Riau 
0.987352,99.887535,2015-06-21,06:50:00,67,aqua,Sosa , Padang Lawas , Sumatera Utara 
1.507633,101.755669,2015-06-21,06:50:00,53,aqua,Sosa , Padang Lawas , Sumatera Utara 
1.527269,101.166458,2015-06-21,06:50:00,56,aqua,Tanah Putih , Rokan Hilir , Riau 
1.394452,99.904831,2015-06-21,06:50:00,63,aqua,Huristak , Padang Lawas , Sumatera Utara 
1.732419,100.735405,2015-06-21,06:50:00,78,aqua,Bangko , Rokan Hilir , Riau 
1.731115,100.726135,2015-06-21,06:50:00,81,aqua,Bangko , Rokan Hilir , Riau 
1.93368,101.510567,2015-06-21,06:50:00,56,aqua,Rupat , Bengkalis , Riau 
1.922601,100.451866,2015-06-21,06:50:00,73,aqua,Bagan Sinembah , Rokan Hilir , Riau 
1.923865,100.395821,2015-06-21,06:50:00,87,aqua,Bagan Sinembah , Rokan Hilir , Riau 
1.837408,99.204681,2015-06-21,06:50:00,68,aqua,Pahaejae , Tapanuli Utara , Sumatera Utara 
2.116872,100.524071,2015-06-21,06:50:00,91,aqua,Bagan Sinembah , Rokan Hilir , Riau 
2.197888,101.028015,2015-06-21,06:50:00,74,aqua,Bagan Sinembah , Rokan Hilir , Riau 
2.629688,99.405205,2015-06-21,06:50:00,94,aqua,Bandar Pulau , Asahan , Sumatera Utara 
2.607451,98.609703,2015-06-21,06:50:00,56,aqua,Bandar Pulau , Asahan , Sumatera Utara 
2.713977,98.96283,2015-06-21,06:50:00,20,aqua,Jorlanghantaran , Serdang Bedagai , Sumatera Utara 
2.875551,98.04071,2015-06-21,06:50:00,65,aqua,Siempatnempu , Dairi , Sumatera Utara 
2.950837,97.483574,2015-06-21,06:50:00,71,aqua,Bakongan , Aceh Selatan , Aceh 
3.659389,98.819359,2015-06-21,06:50:00,79,aqua,Bakongan , Aceh Selatan , Aceh 
-10.021338,120.816689,2015-06-22,05:55:00,23,aqua,Bakongan , Aceh Selatan , Aceh 
-10.009993,120.814842,2015-06-22,05:55:00,99,aqua,Bakongan , Aceh Selatan , Aceh 
-10.008862,120.823219,2015-06-22,05:55:00,77,aqua,Bakongan , Aceh Selatan , Aceh 
-9.645482,120.060432,2015-06-22,05:55:00,57,aqua,Bakongan , Aceh Selatan , Aceh 
-9.675444,119.588081,2015-06-22,05:55:00,41,aqua,Bakongan , Aceh Selatan , Aceh 
-9.522801,119.899117,2015-06-22,05:55:00,53,aqua,Bakongan , Aceh Selatan , Aceh 
-9.518207,119.905914,2015-06-22,05:55:00,44,aqua,Bakongan , Aceh Selatan , Aceh 
-9.382898,119.443024,2015-06-22,05:55:00,49,aqua,                                         , Kab. Sumba Tengah , Nusa Tenggara Timur 
-8.200925,119.067909,2015-06-22,05:55:00,49,aqua,Wera , Bima , Nusa Tenggara Barat 
-8.313347,117.983116,2015-06-22,05:55:00,48,aqua,Wera , Bima , Nusa Tenggara Barat 
-8.123349,114.055107,2015-06-22,05:55:00,100,aqua,Tlogosari , Bondowoso , Jawa Timur 
-8.124672,114.045631,2015-06-22,05:55:00,72,aqua,Tlogosari , Bondowoso , Jawa Timur 
-7.912812,113.90889,2015-06-22,05:55:00,73,aqua,Wonosari , Bondowoso , Jawa Timur 
-7.809769,114.255203,2015-06-22,05:55:00,65,aqua,Banyuputih , Situbondo , Jawa Timur 
-7.395336,112.754402,2015-06-22,05:55:00,39,aqua,Gedangan , Sidoarjo , Jawa Timur 
-3.017964,114.389053,2015-06-22,05:55:00,31,aqua,Selat , Kapuas , Kalimantan Tengah 
-3.754643,104.142914,2015-06-22,05:55:00,67,aqua,Lubai , Muara Enim , Sumatera Selatan 
-3.76013,104.101318,2015-06-22,05:55:00,75,aqua,Lubai , Muara Enim , Sumatera Selatan 
-3.742388,104.098862,2015-06-22,05:55:00,31,aqua,Lubai , Muara Enim , Sumatera Selatan 
-3.754649,104.135719,2015-06-22,05:55:00,79,aqua,Lubai , Muara Enim , Sumatera Selatan 
-3.760417,104.094139,2015-06-22,05:55:00,73,aqua,Lubai , Muara Enim , Sumatera Selatan 
-2.82922,110.380714,2015-06-22,05:55:00,58,aqua,Kendawangan , Ketapang , Kalimantan Barat 
-2.618831,111.590332,2015-06-22,05:55:00,62,aqua,Arut Selatan , Kota Waringin Barat , Kalimantan Tengah 
-2.616579,111.02636,2015-06-22,05:55:00,27,aqua,Manisamata , Ketapang , Kalimantan Barat 
-2.6068,111.030602,2015-06-22,05:55:00,60,aqua,Manisamata , Ketapang , Kalimantan Barat 
-2.667166,110.305901,2015-06-22,05:55:00,39,aqua,Manisamata , Ketapang , Kalimantan Barat 
-2.565455,110.457733,2015-06-22,05:55:00,53,aqua,Kendawangan , Ketapang , Kalimantan Barat 
-3.344629,103.966736,2015-06-22,05:55:00,53,aqua,Talang Ubi , Penukal Abab Lematang Ilir , Sumatera Selatan 
-2.173744,111.48539,2015-06-22,05:55:00,67,aqua,Bulik , Lamandau , Kalimantan Tengah 
-1.218107,114.235222,2015-06-22,05:55:00,74,aqua,Bulik , Lamandau , Kalimantan Tengah 
-1.716265,110.05191,2015-06-22,05:55:00,66,aqua,Muara Pawan , Ketapang , Kalimantan Barat 
-1.718168,110.038643,2015-06-22,05:55:00,57,aqua,Muara Pawan , Ketapang , Kalimantan Barat 
-1.947887,103.852814,2015-06-22,05:55:00,63,aqua,Banyunglincir , Musi Banyuasin , Sumatera Selatan 
-1.953636,103.812286,2015-06-22,05:55:00,70,aqua,Banyunglincir , Musi Banyuasin , Sumatera Selatan 
-0.415456,109.282494,2015-06-22,05:55:00,53,aqua,Banyunglincir , Musi Banyuasin , Sumatera Selatan 
-0.295288,109.792816,2015-06-22,05:55:00,47,aqua,Terentang , Kubu Raya , Kalimantan Barat 
-0.040605,111.270844,2015-06-22,05:55:00,54,aqua,Sepauk , Sintang , Kalimantan Barat 
0.061013,109.972565,2015-06-22,05:55:00,74,aqua,Tayan Hilir , Sanggau , Kalimantan Barat 
0.363087,109.436653,2015-06-22,05:55:00,38,aqua,Mandor , Landak , Kalimantan Barat 
1.008861,112.113548,2015-06-22,05:55:00,38,aqua,Batang Lupar , Kapuas Hulu , Kalimantan Barat 
0.994864,110.79734,2015-06-22,05:55:00,75,aqua,Batang Lupar , Kapuas Hulu , Kalimantan Barat 
0.993302,110.786453,2015-06-22,05:55:00,61,aqua,Batang Lupar , Kapuas Hulu , Kalimantan Barat 
1.076231,109.124435,2015-06-22,05:55:00,31,aqua,Selakau Timur , Sambas , Kalimantan Barat 
1.138461,109.242447,2015-06-22,05:55:00,54,aqua,Tebas , Sambas , Kalimantan Barat 
0.454795,103.053139,2015-06-22,05:55:00,36,aqua,Tebas , Sambas , Kalimantan Barat 
0.453432,103.045555,2015-06-22,05:55:00,23,aqua,Tebas , Sambas , Kalimantan Barat 
-9.824243,120.41687,2015-06-23,04:58:00,43,aqua,Tebas , Sambas , Kalimantan Barat 
-9.81674,120.409241,2015-06-23,04:58:00,51,aqua,Tebas , Sambas , Kalimantan Barat 
-9.764106,120.435509,2015-06-23,04:58:00,76,aqua,Tebas , Sambas , Kalimantan Barat 
-9.768066,120.401665,2015-06-23,04:58:00,76,aqua,Tebas , Sambas , Kalimantan Barat 
-9.747878,120.433342,2015-06-23,04:58:00,29,aqua,Tebas , Sambas , Kalimantan Barat 
-9.751798,120.39949,2015-06-23,04:58:00,85,aqua,Tebas , Sambas , Kalimantan Barat 
-9.757429,120.429764,2015-06-23,04:58:00,86,aqua,Tebas , Sambas , Kalimantan Barat 
-9.761621,120.395844,2015-06-23,04:58:00,81,aqua,Tebas , Sambas , Kalimantan Barat 
-9.741205,120.427597,2015-06-23,04:58:00,65,aqua,Tebas , Sambas , Kalimantan Barat 
-9.745377,120.393494,2015-06-23,04:58:00,67,aqua,Tebas , Sambas , Kalimantan Barat 
-9.372038,119.932297,2015-06-23,04:58:00,54,aqua,Tebas , Sambas , Kalimantan Barat 
-9.367121,119.923836,2015-06-23,04:58:00,45,aqua,Tebas , Sambas , Kalimantan Barat 
-8.455771,122.762535,2015-06-23,04:58:00,66,aqua,Tebas , Sambas , Kalimantan Barat 
-8.446312,122.753265,2015-06-23,04:58:00,54,aqua,Wulanggitang , Kab. Flores Timur , Nusa Tenggara Timur 
-7.631355,108.876747,2015-06-23,06:36:00,56,aqua,Kampung Laut , Cilacap , Jawa Tengah 
-4.77426,103.395981,2015-06-23,06:36:00,83,aqua,Kaur Selatan , Kaur , Bengkulu 
-4.300164,102.84465,2015-06-23,06:36:00,53,aqua,Semidang Alas , Seluma , Bengkulu 
-3.783138,103.83255,2015-06-23,06:36:00,60,aqua,Lawang Kidul , Muara Enim , Sumatera Selatan 
-3.531417,105.203392,2015-06-23,06:36:00,48,aqua,Pedamaran , Ogan Komering Ilir , Sumatera Selatan 
-3.271058,103.360832,2015-06-23,06:36:00,63,aqua,Cecar , Musi Rawas , Sumatera Selatan 
-3.272335,103.351883,2015-06-23,06:36:00,88,aqua,Cecar , Musi Rawas , Sumatera Selatan 
-3.197792,103.096542,2015-06-23,06:36:00,63,aqua,Muara Kelingi , Musi Rawas , Sumatera Selatan 
-2.142326,110.258575,2015-06-23,06:36:00,55,aqua,Matan Hilir Selatan , Ketapang , Kalimantan Barat 
-3.201508,102.810707,2015-06-23,06:36:00,64,aqua,Lubuklinggau Utara , Lubuk Linggau , Sumatera Selatan 
-3.202793,102.801613,2015-06-23,06:36:00,73,aqua,Lubuklinggau Utara , Lubuk Linggau , Sumatera Selatan 
-3.114196,103.106346,2015-06-23,06:36:00,64,aqua,Muara Kelingi , Musi Rawas , Sumatera Selatan 
-2.687765,105.946793,2015-06-23,06:36:00,75,aqua,Muara Kelingi , Musi Rawas , Sumatera Selatan 
-2.68926,105.936493,2015-06-23,06:36:00,77,aqua,Muara Kelingi , Musi Rawas , Sumatera Selatan 
-2.678151,105.945396,2015-06-23,06:36:00,40,aqua,Muara Kelingi , Musi Rawas , Sumatera Selatan 
-3.161128,101.992683,2015-06-23,06:36:00,81,aqua,Ketahun , Bengkulu Utara , Bengkulu 
-3.149345,101.94165,2015-06-23,06:36:00,74,aqua,Ketahun , Bengkulu Utara , Bengkulu 
-2.972872,102.935776,2015-06-23,06:36:00,83,aqua,Batukuning/lakitan Ulu , Musi Rawas , Sumatera Selatan 
-2.449693,106.020828,2015-06-23,06:36:00,79,aqua,Batukuning/lakitan Ulu , Musi Rawas , Sumatera Selatan 
-2.737784,103.293114,2015-06-23,06:36:00,50,aqua,Rawas Ilir , Musi Rawas Utara , Sumatera Selatan 
-2.217823,103.387909,2015-06-23,06:36:00,93,aqua,Bajubang , Batanghari , Jambi 
-2.208859,103.38662,2015-06-23,06:36:00,87,aqua,Bajubang , Batanghari , Jambi 
-1.92354,105.237106,2015-06-23,06:36:00,91,aqua,Bajubang , Batanghari , Jambi 
-2.090873,103.636909,2015-06-23,06:36:00,48,aqua,Banyunglincir , Musi Banyuasin , Sumatera Selatan 
-1.762099,104.129608,2015-06-23,06:36:00,81,aqua,Kumpeh , Muaro Jambi , Jambi 
-1.696291,103.49453,2015-06-23,06:36:00,58,aqua,Jambi Luar Kota , Muaro Jambi , Jambi 
-1.620852,103.766281,2015-06-23,06:36:00,71,aqua,Sungai Gelam , Muaro Jambi , Jambi 
-1.766651,102.427574,2015-06-23,06:36:00,79,aqua,Rantau Panjang , Merangin , Jambi 
-1.603865,102.214249,2015-06-23,06:36:00,51,aqua,Muara Bungo , Bungo , Jambi 
-1.509031,102.683754,2015-06-23,06:36:00,77,aqua,Tebo Ilir , Tebo , Jambi 
-1.457828,102.58709,2015-06-23,06:36:00,60,aqua,Tebo Ilir , Tebo , Jambi 
-1.425601,102.619377,2015-06-23,06:36:00,81,aqua,Tebo Ilir , Tebo , Jambi 
-1.426889,102.610344,2015-06-23,06:36:00,83,aqua,Tebo Ilir , Tebo , Jambi 
-1.313652,102.634354,2015-06-23,06:36:00,67,aqua,Tebo Ilir , Tebo , Jambi 
-1.314935,102.625343,2015-06-23,06:36:00,65,aqua,Tebo Ilir , Tebo , Jambi 
-1.115829,102.795372,2015-06-23,06:36:00,76,aqua,Tungkalulu , Tanjung Jabung Barat , Jambi 
-1.155563,102.451958,2015-06-23,06:36:00,87,aqua,Tebo Ilir , Tebo , Jambi 
-1.230066,101.927887,2015-06-23,06:36:00,56,aqua,Tanah Tumbuh , Bungo , Jambi 
-0.928463,102.233788,2015-06-23,06:36:00,66,aqua,Seberida , Indragiri Hulu , Riau 
-0.943041,102.001244,2015-06-23,06:36:00,59,aqua,Tebo Ulu , Tebo , Jambi 
-0.944363,101.991951,2015-06-23,06:36:00,60,aqua,Tebo Ulu , Tebo , Jambi 
-0.877555,102.080307,2015-06-23,06:36:00,67,aqua,Seberida , Indragiri Hulu , Riau 
-0.878861,102.071182,2015-06-23,06:36:00,63,aqua,Seberida , Indragiri Hulu , Riau 
-0.92318,101.696663,2015-06-23,06:36:00,66,aqua,Pulau Punjung , Dharmasraya , Sumatera Barat 
-0.924529,101.687241,2015-06-23,06:36:00,66,aqua,Pulau Punjung , Dharmasraya , Sumatera Barat 
-0.803808,101.883698,2015-06-23,06:36:00,89,aqua,Peranap , Indragiri Hulu , Riau 
-0.805149,101.874336,2015-06-23,06:36:00,64,aqua,Peranap , Indragiri Hulu , Riau 
-0.763141,101.972618,2015-06-23,06:36:00,51,aqua,Peranap , Indragiri Hulu , Riau 
-0.685807,102.134193,2015-06-23,06:36:00,63,aqua,Pasir Penyu , Indragiri Hulu , Riau 
-0.687119,102.125046,2015-06-23,06:36:00,53,aqua,Pasir Penyu , Indragiri Hulu , Riau 
-0.67289,102.09491,2015-06-23,06:36:00,30,aqua,Pasir Penyu , Indragiri Hulu , Riau 
-0.284798,101.848503,2015-06-23,06:36:00,82,aqua,Pangkalan Kuras , Pelalawan , Riau 
-0.286134,101.839241,2015-06-23,06:36:00,83,aqua,Pangkalan Kuras , Pelalawan , Riau 
-0.159741,102.398201,2015-06-23,06:36:00,41,aqua,Kuala Kampar , Pelalawan , Riau 
-0.219571,101.848633,2015-06-23,06:36:00,90,aqua,Pangkalan Kuras , Pelalawan , Riau 
-0.213455,101.709251,2015-06-23,06:36:00,61,aqua,Pangkalan Kuras , Pelalawan , Riau 
-0.18156,101.865799,2015-06-23,06:36:00,88,aqua,Pangkalan Kuras , Pelalawan , Riau 
-0.174709,101.521225,2015-06-23,06:36:00,69,aqua,Kuatan Hilir , Kuantan Singingi , Riau 
-0.140133,101.698738,2015-06-23,06:36:00,59,aqua,Pangkalan Kuras , Pelalawan , Riau 
-0.127008,101.725403,2015-06-23,06:36:00,86,aqua,Pangkalan Kuras , Pelalawan , Riau 
-0.129647,101.706757,2015-06-23,06:36:00,100,aqua,Pangkalan Kuras , Pelalawan , Riau 
-0.130967,101.697426,2015-06-23,06:36:00,54,aqua,Pangkalan Kuras , Pelalawan , Riau 
-0.112595,101.505753,2015-06-23,06:36:00,58,aqua,Kuatan Hilir , Kuantan Singingi , Riau 
-0.05836,100.870438,2015-06-23,06:36:00,54,aqua,Kampar Kiri Hulu , Kampar , Riau 
-0.059796,100.860542,2015-06-23,06:36:00,77,aqua,Kampar Kiri Hulu , Kampar , Riau 
0.173138,102.408554,2015-06-23,06:36:00,51,aqua,Kuala Kampar , Pelalawan , Riau 
0.038941,101.078674,2015-06-23,06:36:00,47,aqua,Kampar Kiri , Kampar , Riau 
0.498689,103.014381,2015-06-23,06:36:00,51,aqua,Kampar Kiri , Kampar , Riau 
0.217549,100.873474,2015-06-23,06:36:00,93,aqua,Tiga Belas Koto Kampar , Kampar , Riau 
0.619901,102.830353,2015-06-23,06:36:00,58,aqua,Tiga Belas Koto Kampar , Kampar , Riau 
0.61863,102.821449,2015-06-23,06:36:00,57,aqua,Tiga Belas Koto Kampar , Kampar , Riau 
0.689536,102.741798,2015-06-23,06:36:00,42,aqua,Tiga Belas Koto Kampar , Kampar , Riau 
0.411585,100.239632,2015-06-23,06:36:00,51,aqua,Raomapat Tunggal , Pasaman , Sumatera Barat 
0.410118,100.229538,2015-06-23,06:36:00,82,aqua,Raomapat Tunggal , Pasaman , Sumatera Barat 
0.530526,100.991074,2015-06-23,06:36:00,37,aqua,Tapung , Kampar , Riau 
0.618668,101.27417,2015-06-23,06:36:00,89,aqua,Tapung , Kampar , Riau 
0.617307,101.264618,2015-06-23,06:36:00,82,aqua,Tapung , Kampar , Riau 
0.50574,100.481255,2015-06-23,06:36:00,68,aqua,Rokan Empat Koto , Rokan Hulu , Riau 
0.504265,100.470894,2015-06-23,06:36:00,82,aqua,Rokan Empat Koto , Rokan Hulu , Riau 
0.581157,100.369255,2015-06-23,06:36:00,67,aqua,Rokan Empat Koto , Rokan Hulu , Riau 
0.478735,99.371513,2015-06-23,06:36:00,60,aqua,Ranto Baek , Mandailing Natal , Sumatera Utara 
0.945241,101.892624,2015-06-23,06:36:00,39,aqua,Siak , Siak , Riau 
0.841221,100.460983,2015-06-23,06:36:00,38,aqua,Rambah , Rokan Hulu , Riau 
1.133725,101.279633,2015-06-23,06:36:00,70,aqua,Pinggir , Bengkalis , Riau 
1.308709,99.948013,2015-06-23,06:36:00,56,aqua,Huristak , Padang Lawas , Sumatera Utara 
1.318522,99.946541,2015-06-23,06:36:00,75,aqua,Huristak , Padang Lawas , Sumatera Utara 
1.316962,99.935783,2015-06-23,06:36:00,92,aqua,Huristak , Padang Lawas , Sumatera Utara 
1.366532,99.856003,2015-06-23,06:36:00,46,aqua,Huristak , Padang Lawas , Sumatera Utara 
1.381469,99.820221,2015-06-23,06:36:00,70,aqua,Barumun Tengah , Padang Lawas , Sumatera Utara 
1.379862,99.809212,2015-06-23,06:36:00,71,aqua,Barumun Tengah , Padang Lawas , Sumatera Utara 
1.594184,101.221748,2015-06-23,06:36:00,86,aqua,Tanah Putih , Rokan Hilir , Riau 
1.592828,101.212326,2015-06-23,06:36:00,95,aqua,Tanah Putih , Rokan Hilir , Riau 
1.404049,99.906219,2015-06-23,06:36:00,76,aqua,Huristak , Padang Lawas , Sumatera Utara 
1.793451,101.456802,2015-06-23,06:36:00,62,aqua,Huristak , Padang Lawas , Sumatera Utara 
1.726421,100.729752,2015-06-23,06:36:00,68,aqua,Bangko , Rokan Hilir , Riau 
1.735796,100.728409,2015-06-23,06:36:00,86,aqua,Bangko , Rokan Hilir , Riau 
1.734391,100.71859,2015-06-23,06:36:00,58,aqua,Bangko , Rokan Hilir , Riau 
2.037454,101.615501,2015-06-23,06:36:00,60,aqua,Rupat Utara , Bengkalis , Riau 
1.959378,100.872276,2015-06-23,06:36:00,77,aqua,Bangko , Rokan Hilir , Riau 
1.91516,100.388878,2015-06-23,06:36:00,58,aqua,Bagan Sinembah , Rokan Hilir , Riau 
1.926142,100.397614,2015-06-23,06:36:00,51,aqua,Bagan Sinembah , Rokan Hilir , Riau 
1.937111,100.406342,2015-06-23,06:36:00,38,aqua,Bagan Sinembah , Rokan Hilir , Riau 
1.935647,100.39624,2015-06-23,06:36:00,91,aqua,Bagan Sinembah , Rokan Hilir , Riau 
1.934179,100.386108,2015-06-23,06:36:00,80,aqua,Bagan Sinembah , Rokan Hilir , Riau 
1.718221,98.830338,2015-06-23,06:36:00,60,aqua,Kolang , Tapanuli Tengah , Sumatera Utara 
1.786427,98.67173,2015-06-23,06:36:00,63,aqua,Kolang , Tapanuli Tengah , Sumatera Utara 
1.849217,98.807571,2015-06-23,06:36:00,31,aqua,Kolang , Tapanuli Tengah , Sumatera Utara 
1.847394,98.794777,2015-06-23,06:36:00,55,aqua,Kolang , Tapanuli Tengah , Sumatera Utara 
1.844163,98.80201,2015-06-23,06:36:00,55,aqua,Kolang , Tapanuli Tengah , Sumatera Utara 
2.119954,100.531006,2015-06-23,06:36:00,72,aqua,Bagan Sinembah , Rokan Hilir , Riau 
2.118508,100.521088,2015-06-23,06:36:00,82,aqua,Bagan Sinembah , Rokan Hilir , Riau 
2.254724,100.362999,2015-06-23,06:36:00,71,aqua,Bagan Sinembah , Rokan Hilir , Riau 
2.259087,100.355774,2015-06-23,06:36:00,74,aqua,Panei Tengah , Labuhanbatu , Sumatera Utara 
2.396776,99.492683,2015-06-23,06:36:00,49,aqua,Nassau , Toba Samosir , Sumatera Utara 
2.240281,98.404266,2015-06-23,06:36:00,45,aqua,Tarabintang , Humbang Hasundutan , Sumatera Utara 
2.229695,98.253471,2015-06-23,06:36:00,13,aqua,Tarabintang , Humbang Hasundutan , Sumatera Utara 
2.242723,98.398445,2015-06-23,06:36:00,35,aqua,Tarabintang , Humbang Hasundutan , Sumatera Utara 
2.233111,98.261299,2015-06-23,06:36:00,75,aqua,Tarabintang , Humbang Hasundutan , Sumatera Utara 
2.276909,98.406395,2015-06-23,06:36:00,35,aqua,Tarabintang , Humbang Hasundutan , Sumatera Utara 
2.274991,98.393471,2015-06-23,06:36:00,78,aqua,Tarabintang , Humbang Hasundutan , Sumatera Utara 
2.273142,98.380989,2015-06-23,06:36:00,79,aqua,Tarabintang , Humbang Hasundutan , Sumatera Utara 
2.279785,98.35141,2015-06-23,06:36:00,85,aqua,Tarabintang , Humbang Hasundutan , Sumatera Utara 
2.277917,98.338753,2015-06-23,06:36:00,46,aqua,Tarabintang , Humbang Hasundutan , Sumatera Utara 
2.63709,100.224693,2015-06-23,06:36:00,64,aqua,Panei Hilir , Labuhanbatu , Sumatera Utara 
2.584183,99.379272,2015-06-23,06:36:00,46,aqua,Aek Songsongan , Asahan , Sumatera Utara 
2.619013,99.40789,2015-06-23,06:36:00,56,aqua,Bandar Pulau , Asahan , Sumatera Utara 
2.450202,98.261101,2015-06-23,06:36:00,46,aqua,Salak , Pakpak Bhara , Sumatera Utara 
2.421471,98.067024,2015-06-23,06:36:00,58,aqua,Simpang Kanan , Aceh Singkil , Aceh 
2.475983,98.285919,2015-06-23,06:36:00,63,aqua,Salak , Pakpak Bhara , Sumatera Utara 
2.473991,98.272293,2015-06-23,06:36:00,43,aqua,Salak , Pakpak Bhara , Sumatera Utara 
2.481596,98.171692,2015-06-23,06:36:00,59,aqua,Pagindar , Pakpak Bhara , Sumatera Utara 
2.479581,98.157738,2015-06-23,06:36:00,27,aqua,Pagindar , Pakpak Bhara , Sumatera Utara 
2.47554,98.129745,2015-06-23,06:36:00,51,aqua,Pagindar , Pakpak Bhara , Sumatera Utara 
2.550087,98.084175,2015-06-23,06:36:00,66,aqua,Surobaru , Aceh Singkil , Aceh 
2.595354,98.000847,2015-06-23,06:36:00,49,aqua,Sing Kohor , Aceh Singkil , Aceh 
2.651651,98.078171,2015-06-23,06:36:00,65,aqua,Penanggalan , Kota Sulubussalam , Aceh 
2.68386,98.124779,2015-06-23,06:36:00,61,aqua,Sitelu Tali Urang Jehe , Pakpak Bhara , Sumatera Utara 
2.703428,97.876617,2015-06-23,06:36:00,56,aqua,Rundeng , Kota Sulubussalam , Aceh 
3.218107,98.815247,2015-06-23,06:36:00,78,aqua,Rundeng , Kota Sulubussalam , Aceh 
3.167207,98.38961,2015-06-23,06:36:00,70,aqua,Rundeng , Kota Sulubussalam , Aceh 
5.288281,95.435959,2015-06-23,06:36:00,69,aqua,Kotaluecot Glie , Aceh Besar , Aceh 
5.285994,95.430336,2015-06-23,06:36:00,66,aqua,Kotaluecot Glie , Aceh Besar , Aceh 
5.625645,95.416519,2015-06-23,06:36:00,60,aqua,Baitussalam , Aceh Besar , Aceh 
-9,119.842606,2015-06-24,05:45:00,45,aqua,Baitussalam , Aceh Besar , Aceh 
-9.765054,120.41671,2015-06-24,05:45:00,82,aqua,Baitussalam , Aceh Besar , Aceh 
-9.76645,120.407166,2015-06-24,05:45:00,88,aqua,Baitussalam , Aceh Besar , Aceh 
-9.790527,119.987038,2015-06-24,05:45:00,65,aqua,Baitussalam , Aceh Besar , Aceh 
-9.791893,119.977699,2015-06-24,05:45:00,70,aqua,Baitussalam , Aceh Besar , Aceh 
-9.758045,119.900848,2015-06-24,05:45:00,81,aqua,Baitussalam , Aceh Besar , Aceh 
-9.682153,119.657089,2015-06-24,05:45:00,67,aqua,Baitussalam , Aceh Besar , Aceh 
-9.683477,119.647919,2015-06-24,05:45:00,46,aqua,Baitussalam , Aceh Besar , Aceh 
-9.672278,119.534348,2015-06-24,05:45:00,45,aqua,Baitussalam , Aceh Besar , Aceh 
-8.737594,125.489754,2015-06-24,05:45:00,44,aqua,Baitussalam , Aceh Besar , Aceh 
-8.73902,125.505386,2015-06-24,05:45:00,54,aqua,Baitussalam , Aceh Besar , Aceh 
-9.595714,119.750954,2015-06-24,05:45:00,37,aqua,Baitussalam , Aceh Besar , Aceh 
-9.597047,119.741707,2015-06-24,05:45:00,48,aqua,Baitussalam , Aceh Besar , Aceh 
-9.56725,119.756157,2015-06-24,05:45:00,65,aqua,Baitussalam , Aceh Besar , Aceh 
-9.56858,119.746986,2015-06-24,05:45:00,64,aqua,Baitussalam , Aceh Besar , Aceh 
-9.65781,119.127823,2015-06-24,05:45:00,60,aqua,Kodi , Kab. Sumba Barat Daya , Nusa Tenggara Timur 
-9.415936,119.721657,2015-06-24,05:45:00,73,aqua,Umbu Ratu Nggay , Kab. Sumba Tengah , Nusa Tenggara Timur 
-9.417263,119.712479,2015-06-24,05:45:00,78,aqua,Umbu Ratu Nggay , Kab. Sumba Tengah , Nusa Tenggara Timur 
-9.406884,119.720337,2015-06-24,05:45:00,94,aqua,Umbu Ratu Nggay , Kab. Sumba Tengah , Nusa Tenggara Timur 
-9.408213,119.711151,2015-06-24,05:45:00,76,aqua,Umbu Ratu Nggay , Kab. Sumba Tengah , Nusa Tenggara Timur 
-9.390401,119.642761,2015-06-24,05:45:00,82,aqua,                                         , Kab. Sumba Tengah , Nusa Tenggara Timur 
-9.423428,119.414337,2015-06-24,05:45:00,60,aqua,                                         , Kab. Sumba Barat , Nusa Tenggara Timur 
-9.378913,119.271339,2015-06-24,05:45:00,57,aqua,                                         , Kab. Sumba Barat Daya , Nusa Tenggara Timur 
-8.637643,117.622757,2015-06-24,05:45:00,67,aqua,Lape , Sumbawa , Nusa Tenggara Barat 
-8.11878,114.063766,2015-06-24,05:45:00,92,aqua,Tlogosari , Bondowoso , Jawa Timur 
-8.120625,114.049667,2015-06-24,05:45:00,94,aqua,Tlogosari , Bondowoso , Jawa Timur 
-0.236218,109.514183,2015-06-24,05:45:00,74,aqua,Sungairaya , Kubu Raya , Kalimantan Barat 
-0.232482,109.508194,2015-06-24,05:45:00,68,aqua,Sungairaya , Kubu Raya , Kalimantan Barat 
1.100876,109.726173,2015-06-24,05:45:00,80,aqua,Sanggauledo , Bengkayang , Kalimantan Barat 
1.111337,109.741951,2015-06-24,05:45:00,64,aqua,Sanggauledo , Bengkayang , Kalimantan Barat 
1.108056,109.720055,2015-06-24,05:45:00,75,aqua,Sanggauledo , Bengkayang , Kalimantan Barat 
-4,105.455276,2015-06-24,18:04:00,50,aqua,Sanggauledo , Bengkayang , Kalimantan Barat 
-4.514263,105.470901,2015-06-24,18:04:00,63,aqua,Sanggauledo , Bengkayang , Kalimantan Barat 
-7.491826,112.627167,2015-06-24,18:04:00,69,aqua,Krembung , Sidoarjo , Jawa Timur 
-6.393654,134.148865,2015-06-25,04:46:00,63,aqua,Krembung , Sidoarjo , Jawa Timur 
-8.126523,114.05777,2015-06-25,06:24:00,94,aqua,Songgon , Banyuwangi , Jawa Timur 
-8.113832,114.056015,2015-06-25,06:24:00,66,aqua,Tlogosari , Bondowoso , Jawa Timur 
-7.113483,108.982384,2015-06-25,06:24:00,61,aqua,Margasari , Tegal , Jawa Tengah 
-7.052413,107.744919,2015-06-25,06:24:00,50,aqua,Margasari , Tegal , Jawa Tengah 
-6.433495,107.69397,2015-06-25,06:24:00,84,aqua,Margasari , Tegal , Jawa Tengah 
-4.621641,105.356987,2015-06-25,06:24:00,59,aqua,Nunyai , Lampung Tengah , Lampung 
-4.464594,105.701385,2015-06-25,06:24:00,54,aqua,Gedung Meneng , Tulang Bawang , Lampung 
-4.380998,105.372917,2015-06-25,06:24:00,42,aqua,Gedung Meneng , Tulang Bawang , Lampung 
-3.779772,105.78846,2015-06-25,06:24:00,85,aqua,Cengal , Ogan Komering Ilir , Sumatera Selatan 
-3.781085,105.779221,2015-06-25,06:24:00,62,aqua,Cengal , Ogan Komering Ilir , Sumatera Selatan 
-3.923332,104.707581,2015-06-25,06:24:00,73,aqua,Cempaka , Ogan Komering Ulu Timur , Sumatera Selatan 
-3.924768,104.697395,2015-06-25,06:24:00,33,aqua,Semendawai Sk I , Ogan Komering Ulu Timur , Sumatera Selatan 
-3.871215,104.071205,2015-06-25,06:24:00,60,aqua,Tanjung Agung , Muara Enim , Sumatera Selatan 
-3.870386,104.064606,2015-06-25,06:24:00,74,aqua,Tanjung Agung , Muara Enim , Sumatera Selatan 
-3.707238,104.565369,2015-06-25,06:24:00,77,aqua,Muarakuang , Ogan Ilir , Sumatera Selatan 
-3.697657,104.564026,2015-06-25,06:24:00,49,aqua,Muarakuang , Ogan Ilir , Sumatera Selatan 
-3.29338,105.848091,2015-06-25,06:24:00,27,aqua,Tulung Selapan , Ogan Komering Ilir , Sumatera Selatan 
-3.344571,105.420555,2015-06-25,06:24:00,63,aqua,Cengal , Ogan Komering Ilir , Sumatera Selatan 
-3.268751,105.82589,2015-06-25,06:24:00,65,aqua,Tulung Selapan , Ogan Komering Ilir , Sumatera Selatan 
-3.268082,105.306992,2015-06-25,06:24:00,65,aqua,Tulung Selapan , Ogan Komering Ilir , Sumatera Selatan 
-3.408076,103.946846,2015-06-25,06:24:00,81,aqua,Talang Ubi , Penukal Abab Lematang Ilir , Sumatera Selatan 
-1.911539,113.616867,2015-06-25,06:24:00,73,aqua,Talang Ubi , Penukal Abab Lematang Ilir , Sumatera Selatan 
-3.168926,104.705948,2015-06-25,06:24:00,45,aqua,Pemulutan , Ogan Ilir , Sumatera Selatan 
-2.684497,107.665062,2015-06-25,06:24:00,77,aqua,Pemulutan , Ogan Ilir , Sumatera Selatan 
-3.125985,104.148438,2015-06-25,06:24:00,64,aqua,Abab , Penukal Abab Lematang Ilir , Sumatera Selatan 
-2.759104,106.494827,2015-06-25,06:24:00,77,aqua,Abab , Penukal Abab Lematang Ilir , Sumatera Selatan 
-2.199207,110.171677,2015-06-25,06:24:00,53,aqua,Matan Hilir Selatan , Ketapang , Kalimantan Barat 
-2.691729,105.939003,2015-06-25,06:24:00,63,aqua,Matan Hilir Selatan , Ketapang , Kalimantan Barat 
-2.622638,106.097427,2015-06-25,06:24:00,44,aqua,Matan Hilir Selatan , Ketapang , Kalimantan Barat 
-2.62392,106.08844,2015-06-25,06:24:00,85,aqua,Matan Hilir Selatan , Ketapang , Kalimantan Barat 
-2.593137,106.175697,2015-06-25,06:24:00,73,aqua,Matan Hilir Selatan , Ketapang , Kalimantan Barat 
-2.764729,104.454323,2015-06-25,06:24:00,78,aqua,Betung , Banyuasin , Sumatera Selatan 
-2.735692,104.522461,2015-06-25,06:24:00,70,aqua,Talang Kelapa , Banyuasin , Sumatera Selatan 
-2.869652,103.133949,2015-06-25,06:24:00,76,aqua,Muara Lakitan , Musi Rawas , Sumatera Selatan 
-2.719538,103.619675,2015-06-25,06:24:00,31,aqua,Babattoman , Musi Banyuasin , Sumatera Selatan 
-2.72115,103.608398,2015-06-25,06:24:00,74,aqua,Babattoman , Musi Banyuasin , Sumatera Selatan 
-2.331976,105.946075,2015-06-25,06:24:00,72,aqua,Babattoman , Musi Banyuasin , Sumatera Selatan 
-2.314245,105.936935,2015-06-25,06:24:00,53,aqua,Babattoman , Musi Banyuasin , Sumatera Selatan 
-2.315566,105.863396,2015-06-25,06:24:00,79,aqua,Babattoman , Musi Banyuasin , Sumatera Selatan 
-2.21005,103.754051,2015-06-25,06:24:00,98,aqua,Banyunglincir , Musi Banyuasin , Sumatera Selatan 
-2.209644,103.036133,2015-06-25,06:24:00,46,aqua,Pauh , Sarolangun , Jambi 
-1.820557,105.725418,2015-06-25,06:24:00,64,aqua,Pauh , Sarolangun , Jambi 
-2.434168,101.035286,2015-06-25,06:24:00,59,aqua,Pancung Soal , Pesisir Selatan , Sumatera Barat 
-1.991413,103.788086,2015-06-25,06:24:00,55,aqua,Banyunglincir , Musi Banyuasin , Sumatera Selatan 
-1.942458,103.841164,2015-06-25,06:24:00,72,aqua,Banyunglincir , Musi Banyuasin , Sumatera Selatan 
-1.943983,103.830482,2015-06-25,06:24:00,75,aqua,Banyunglincir , Musi Banyuasin , Sumatera Selatan 
-2.338378,101.06839,2015-06-25,06:24:00,65,aqua,Pancung Soal , Pesisir Selatan , Sumatera Barat 
-2.032496,102.760689,2015-06-25,06:24:00,75,aqua,Pauh , Sarolangun , Jambi 
-1.847238,103.92952,2015-06-25,06:24:00,77,aqua,Banyunglincir , Musi Banyuasin , Sumatera Selatan 
-1.802471,103.966103,2015-06-25,06:24:00,62,aqua,Banyunglincir , Musi Banyuasin , Sumatera Selatan 
-1.803956,103.955589,2015-06-25,06:24:00,74,aqua,Banyunglincir , Musi Banyuasin , Sumatera Selatan 
-1.769404,104.13092,2015-06-25,06:24:00,77,aqua,Kumpeh , Muaro Jambi , Jambi 
-1.750758,104.101685,2015-06-25,06:24:00,87,aqua,Kumpeh , Muaro Jambi , Jambi 
-1.752249,104.091377,2015-06-25,06:24:00,91,aqua,Kumpeh , Muaro Jambi , Jambi 
-1.741158,104.100311,2015-06-25,06:24:00,88,aqua,Kumpeh , Muaro Jambi , Jambi 
-1.725657,104.14006,2015-06-25,06:24:00,37,aqua,Kumpeh , Muaro Jambi , Jambi 
-1.72713,104.129799,2015-06-25,06:24:00,74,aqua,Kumpeh , Muaro Jambi , Jambi 
-1.722682,104.02375,2015-06-25,06:24:00,44,aqua,Kumpeh , Muaro Jambi , Jambi 
-1.720445,103.9702,2015-06-25,06:24:00,48,aqua,Sungai Gelam , Muaro Jambi , Jambi 
-1.558425,103.816498,2015-06-25,06:24:00,58,aqua,Kumpeh Ulu , Muaro Jambi , Jambi 
-1.481657,103.635124,2015-06-25,06:24:00,80,aqua,Maro Sebo , Muaro Jambi , Jambi 
-1.311133,104.056511,2015-06-25,06:24:00,73,aqua,Kumpeh , Muaro Jambi , Jambi 
-1.312575,104.046249,2015-06-25,06:24:00,68,aqua,Kumpeh , Muaro Jambi , Jambi 
-1.352187,103.764183,2015-06-25,06:24:00,60,aqua,Taman Rajo , Muaro Jambi , Jambi 
-1.277328,104.055634,2015-06-25,06:24:00,71,aqua,Taman Rajo , Muaro Jambi , Jambi 
-1.298583,103.629807,2015-06-25,06:24:00,52,aqua,Muara Sabak , Tanjung Jabung Timur , Jambi 
-1.410073,102.649902,2015-06-25,06:24:00,75,aqua,Tebo Ilir , Tebo , Jambi 
-1.34523,101.920815,2015-06-25,06:24:00,57,aqua,Tanah Tumbuh , Bungo , Jambi 
-1.245662,102.368225,2015-06-25,06:24:00,66,aqua,Tebo Ilir , Tebo , Jambi 
-1.234965,102.366806,2015-06-25,06:24:00,93,aqua,Tebo Ilir , Tebo , Jambi 
-1.012374,102.256752,2015-06-25,06:24:00,68,aqua,Tebo Ilir , Tebo , Jambi 
-0.963811,102.256615,2015-06-25,06:24:00,74,aqua,Tebo Ilir , Tebo , Jambi 
-0.965676,102.243614,2015-06-25,06:24:00,34,aqua,Tebo Ilir , Tebo , Jambi 
-0.953082,102.255127,2015-06-25,06:24:00,100,aqua,Tebo Ilir , Tebo , Jambi 
-0.954936,102.242126,2015-06-25,06:24:00,89,aqua,Tebo Ilir , Tebo , Jambi 
-0.989266,102.001366,2015-06-25,06:24:00,51,aqua,Tebo Ulu , Tebo , Jambi 
-0.991227,101.98761,2015-06-25,06:24:00,48,aqua,Tebo Ulu , Tebo , Jambi 
-0.847702,102.921043,2015-06-25,06:24:00,50,aqua,Keritang , Indragiri Hilir , Riau 
-0.935322,102.225929,2015-06-25,06:24:00,70,aqua,Seberida , Indragiri Hulu , Riau 
-0.885197,102.091537,2015-06-25,06:24:00,68,aqua,Seberida , Indragiri Hulu , Riau 
-0.833879,101.882912,2015-06-25,06:24:00,31,aqua,Peranap , Indragiri Hulu , Riau 
-0.729683,102.458641,2015-06-25,06:24:00,70,aqua,Seberida , Indragiri Hulu , Riau 
-0.777459,101.798241,2015-06-25,06:24:00,67,aqua,Kuatan Mudik , Kuantan Singingi , Riau 
-0.779499,101.784233,2015-06-25,06:24:00,80,aqua,Kuatan Mudik , Kuantan Singingi , Riau 
-0.749307,101.836899,2015-06-25,06:24:00,68,aqua,Kuatan Mudik , Kuantan Singingi , Riau 
-0.751311,101.822968,2015-06-25,06:24:00,59,aqua,Kuatan Mudik , Kuantan Singingi , Riau 
0.658629,111.51767,2015-06-25,06:24:00,62,aqua,Ketungau Tengah , Sintang , Kalimantan Barat 
-0.763523,101.578308,2015-06-25,06:24:00,71,aqua,Kuatan Mudik , Kuantan Singingi , Riau 
-0.765589,101.563766,2015-06-25,06:24:00,71,aqua,Kuatan Mudik , Kuantan Singingi , Riau 
-0.159771,102.881042,2015-06-25,06:24:00,42,aqua,Gaunganakserka , Indragiri Hilir , Riau 
-0.303377,101.896217,2015-06-25,06:24:00,55,aqua,Pangkalan Kuras , Pelalawan , Riau 
-0.305358,101.88266,2015-06-25,06:24:00,82,aqua,Pangkalan Kuras , Pelalawan , Riau 
0.0862,103.536644,2015-06-25,06:24:00,69,aqua,Enok , Indragiri Hilir , Riau 
-0.151331,101.680344,2015-06-25,06:24:00,57,aqua,Langgam , Pelalawan , Riau 
-0.162966,101.522957,2015-06-25,06:24:00,67,aqua,Kuatan Hilir , Kuantan Singingi , Riau 
-0.137375,101.62085,2015-06-25,06:24:00,51,aqua,Langgam , Pelalawan , Riau 
-0.09042,101.550987,2015-06-25,06:24:00,60,aqua,Langgam , Pelalawan , Riau 
0.117524,102.680481,2015-06-25,06:24:00,50,aqua,Kuala Kampar , Pelalawan , Riau 
0.170836,102.408211,2015-06-25,06:24:00,49,aqua,Kuala Kampar , Pelalawan , Riau 
0.169068,102.39592,2015-06-25,06:24:00,62,aqua,Kuala Kampar , Pelalawan , Riau 
0.2351,102.368355,2015-06-25,06:24:00,38,aqua,Kuala Kampar , Pelalawan , Riau 
0.340916,102.884552,2015-06-25,06:24:00,60,aqua,Kuala Kampar , Pelalawan , Riau 
0.425057,102.18898,2015-06-25,06:24:00,26,aqua,Bunut , Pelalawan , Riau 
0.687852,102.740211,2015-06-25,06:24:00,47,aqua,Bunut , Pelalawan , Riau 
0.798281,101.664406,2015-06-25,06:24:00,52,aqua,Siak , Siak , Riau 
0.946596,101.907684,2015-06-25,06:24:00,55,aqua,Siak Sri Indrapura , Siak , Riau 
0.947703,100.467392,2015-06-25,06:24:00,91,aqua,Kepenuhan , Rokan Hulu , Riau 
0.945348,100.45079,2015-06-25,06:24:00,73,aqua,Kepenuhan , Rokan Hulu , Riau 
0.955944,100.476463,2015-06-25,06:24:00,53,aqua,Kepenuhan , Rokan Hulu , Riau 
1.592288,101.211975,2015-06-25,06:24:00,33,aqua,Tanah Putih , Rokan Hilir , Riau 
1.594856,101.219513,2015-06-25,06:24:00,46,aqua,Tanah Putih , Rokan Hilir , Riau 
1.729992,101.604942,2015-06-25,06:24:00,95,aqua,Rupat , Bengkalis , Riau 
1.728076,101.59166,2015-06-25,06:24:00,81,aqua,Rupat , Bengkalis , Riau 
1.865931,101.196457,2015-06-25,06:24:00,43,aqua,Dumai Barat , Kota Dumai , Riau 
1.934995,101.50338,2015-06-25,06:24:00,36,aqua,Rupat , Bengkalis , Riau 
1.962836,100.59549,2015-06-25,06:24:00,86,aqua,Bagan Sinembah , Rokan Hilir , Riau 
1.958475,100.591103,2015-06-25,06:24:00,80,aqua,Bagan Sinembah , Rokan Hilir , Riau 
1.970086,100.589386,2015-06-25,06:24:00,64,aqua,Bagan Sinembah , Rokan Hilir , Riau 
2.096462,101.202538,2015-06-25,06:24:00,79,aqua,Dumai Barat , Kota Dumai , Riau 
2.193621,98.403343,2015-06-25,06:24:00,61,aqua,Pakkat , Humbang Hasundutan , Sumatera Utara 
2.302351,98.429657,2015-06-25,06:24:00,41,aqua,Parlilitan , Humbang Hasundutan , Sumatera Utara 
2.274737,98.473083,2015-06-25,06:24:00,26,aqua,Tarabintang , Humbang Hasundutan , Sumatera Utara 
2.57552,100.179329,2015-06-25,06:24:00,62,aqua,Panei Hilir , Labuhanbatu , Sumatera Utara 
2.3223,98.32386,2015-06-25,06:24:00,73,aqua,Parlilitan , Humbang Hasundutan , Sumatera Utara 
2.331957,98.100548,2015-06-25,06:24:00,35,aqua,Danau Paris , Aceh Singkil , Aceh 
2.471219,98.192955,2015-06-25,06:24:00,52,aqua,Pagindar , Pakpak Bhara , Sumatera Utara 
2.56164,97.999947,2015-06-25,06:24:00,49,aqua,Sing Kohor , Aceh Singkil , Aceh 
3.169751,98.394104,2015-06-25,06:24:00,82,aqua,Sing Kohor , Aceh Singkil , Aceh 
4.39585,95.892876,2015-06-25,06:24:00,33,aqua,Teunom , Aceh Jaya , Aceh 
-10.194554,120.259575,2015-06-26,05:28:00,72,aqua,Paberiwai , Kab. Sumba Timur , Nusa Tenggara Timur 
-10.195949,120.249557,2015-06-26,05:28:00,80,aqua,Paberiwai , Kab. Sumba Timur , Nusa Tenggara Timur 
-9.763062,119.923584,2015-06-26,05:28:00,74,aqua,Paberiwai , Kab. Sumba Timur , Nusa Tenggara Timur 
-9.764488,119.913239,2015-06-26,05:28:00,70,aqua,Paberiwai , Kab. Sumba Timur , Nusa Tenggara Timur 
-9.583826,119.749832,2015-06-26,05:28:00,28,aqua,Paberiwai , Kab. Sumba Timur , Nusa Tenggara Timur 
-9.400998,119.815109,2015-06-26,05:28:00,58,aqua,Paberiwai , Kab. Sumba Timur , Nusa Tenggara Timur 
-8.462297,122.75116,2015-06-26,05:28:00,72,aqua,Paberiwai , Kab. Sumba Timur , Nusa Tenggara Timur 
-8.207185,119.075386,2015-06-26,05:28:00,33,aqua,Wera , Bima , Nusa Tenggara Barat 
-8.198855,119.063507,2015-06-26,05:28:00,41,aqua,Wera , Bima , Nusa Tenggara Barat 
-1.854194,114.252426,2015-06-26,05:28:00,50,aqua,Wera , Bima , Nusa Tenggara Barat 
-0.175854,116.675995,2015-06-26,05:28:00,41,aqua,Muarakaman , Kutai Kartanegara , Kalimantan Timur 
0.083498,117.345207,2015-06-26,05:28:00,32,aqua,Muarakaman , Kutai Kartanegara , Kalimantan Timur 
1.040364,120.820015,2015-06-26,05:28:00,51,aqua,Muarakaman , Kutai Kartanegara , Kalimantan Timur 
1.294076,117.178741,2015-06-26,05:28:00,78,aqua,Muarakaman , Kutai Kartanegara , Kalimantan Timur 
3.506307,117.848907,2015-06-26,05:28:00,38,aqua,Tanalia , Bulungan , Kalimantan Utara 
-2.704991,133.055573,2015-06-27,04:35:00,25,aqua,Tanalia , Bulungan , Kalimantan Utara 
-2.694463,133.063675,2015-06-27,04:35:00,71,aqua,Kokas , Fak-fak , Papua Barat 
-2.69579,133.054245,2015-06-27,04:35:00,47,aqua,Kokas , Fak-fak , Papua Barat 
-1.908839,134.124847,2015-06-27,04:35:00,40,aqua,Ransiki , Teluk Wondama , Papua Barat 
-1.592499,134.018738,2015-06-27,04:35:00,68,aqua,Ransiki , Manokwari Selatan , Papua Barat 
-1.218314,133.67691,2015-06-27,04:35:00,49,aqua,Minyambouw , Pegunungan Arfak , Papua Barat 
-7.296313,111.80854,2015-06-27,06:11:00,64,aqua,Bubulan , Bojonegoro , Jawa Timur 
-7.468888,107.341972,2015-06-27,06:11:00,48,aqua,Bubulan , Bojonegoro , Jawa Timur 
-5.19325,104.342133,2015-06-27,06:11:00,44,aqua,Suoh , Lampung Barat , Lampung 
-3.39799,114.305458,2015-06-27,06:11:00,53,aqua,Kapuas Kuala , Kapuas , Kalimantan Tengah 
-3.400036,114.291611,2015-06-27,06:11:00,45,aqua,Kapuas Kuala , Kapuas , Kalimantan Tengah 
-3.778347,105.790169,2015-06-27,06:11:00,72,aqua,Cengal , Ogan Komering Ilir , Sumatera Selatan 
-2.724516,112.628357,2015-06-27,06:11:00,81,aqua,Cengal , Ogan Komering Ilir , Sumatera Selatan 
-3.911128,103.890076,2015-06-27,06:11:00,62,aqua,Tanjung Agung , Muara Enim , Sumatera Selatan 
-3.781232,104.446266,2015-06-27,06:11:00,72,aqua,Peninjauan , Ogan Komering Ulu , Sumatera Selatan 
-2.829302,110.884918,2015-06-27,06:11:00,59,aqua,Kendawangan , Ketapang , Kalimantan Barat 
-3.273595,105.778236,2015-06-27,06:11:00,35,aqua,Tulung Selapan , Ogan Komering Ilir , Sumatera Selatan 
-3.255331,105.829338,2015-06-27,06:11:00,58,aqua,Tulung Selapan , Ogan Komering Ilir , Sumatera Selatan 
-3.282539,105.317589,2015-06-27,06:11:00,61,aqua,Tulung Selapan , Ogan Komering Ilir , Sumatera Selatan 
-3.281952,105.155174,2015-06-27,06:11:00,48,aqua,Pampangan , Ogan Komering Ilir , Sumatera Selatan 
-3.283962,105.140442,2015-06-27,06:11:00,68,aqua,Pampangan , Ogan Komering Ilir , Sumatera Selatan 
-3.283882,105.150085,2015-06-27,06:11:00,47,aqua,Pampangan , Ogan Komering Ilir , Sumatera Selatan 
-3.357728,103.928032,2015-06-27,06:11:00,64,aqua,Talang Ubi , Penukal Abab Lematang Ilir , Sumatera Selatan 
-3.355884,103.921074,2015-06-27,06:11:00,56,aqua,Talang Ubi , Penukal Abab Lematang Ilir , Sumatera Selatan 
-1.903196,113.621216,2015-06-27,06:11:00,85,aqua,Talang Ubi , Penukal Abab Lematang Ilir , Sumatera Selatan 
-3.164969,104.702454,2015-06-27,06:11:00,44,aqua,Pemulutan , Ogan Ilir , Sumatera Selatan 
-3.207216,104.060417,2015-06-27,06:11:00,79,aqua,Penukal , Penukal Abab Lematang Ilir , Sumatera Selatan 
-3.194881,104.058716,2015-06-27,06:11:00,69,aqua,Penukal , Penukal Abab Lematang Ilir , Sumatera Selatan 
-3.143175,104.069489,2015-06-27,06:11:00,79,aqua,Penukal , Penukal Abab Lematang Ilir , Sumatera Selatan 
-3.145558,104.051788,2015-06-27,06:11:00,78,aqua,Penukal , Penukal Abab Lematang Ilir , Sumatera Selatan 
-3.152295,104.064125,2015-06-27,06:11:00,85,aqua,Penukal , Penukal Abab Lematang Ilir , Sumatera Selatan 
-3.191513,103.419586,2015-06-27,06:11:00,69,aqua,Cecar , Musi Rawas , Sumatera Selatan 
-2.086149,110.156113,2015-06-27,06:11:00,78,aqua,Matan Hilir Selatan , Ketapang , Kalimantan Barat 
-2.949793,104.02401,2015-06-27,06:11:00,60,aqua,Lais , Musi Banyuasin , Sumatera Selatan 
-2.641724,106.045105,2015-06-27,06:11:00,100,aqua,Lais , Musi Banyuasin , Sumatera Selatan 
-2.945147,103.224121,2015-06-27,06:11:00,62,aqua,Muara Kelingi , Musi Rawas , Sumatera Selatan 
-1.916632,110.183594,2015-06-27,06:11:00,63,aqua,Matan Hilir Selatan , Ketapang , Kalimantan Barat 
-2.311528,105.859238,2015-06-27,06:11:00,84,aqua,Matan Hilir Selatan , Ketapang , Kalimantan Barat 
-2.439197,104.622208,2015-06-27,06:11:00,47,aqua,Muara Telang , Banyuasin , Sumatera Selatan 
-2.441397,104.633118,2015-06-27,06:11:00,51,aqua,Muara Telang , Banyuasin , Sumatera Selatan 
-1.622213,110.059029,2015-06-27,06:11:00,81,aqua,Matan Hilir Utara , Ketapang , Kalimantan Barat 
-1.623496,110.050056,2015-06-27,06:11:00,61,aqua,Matan Hilir Utara , Ketapang , Kalimantan Barat 
-2.614394,102.876518,2015-06-27,06:11:00,66,aqua,Karang Dapo , Musi Rawas Utara , Sumatera Selatan 
-2.602679,102.889877,2015-06-27,06:11:00,31,aqua,Karang Dapo , Musi Rawas Utara , Sumatera Selatan 
-2.339513,103.440483,2015-06-27,06:11:00,39,aqua,Bajubang , Batanghari , Jambi 
-2.314831,102.859886,2015-06-27,06:11:00,23,aqua,Pauh , Sarolangun , Jambi 
-2.166706,103.915108,2015-06-27,06:11:00,56,aqua,Banyunglincir , Musi Banyuasin , Sumatera Selatan 
-1.817304,105.688293,2015-06-27,06:11:00,58,aqua,Banyunglincir , Musi Banyuasin , Sumatera Selatan 
-1.944737,103.836052,2015-06-27,06:11:00,69,aqua,Banyunglincir , Musi Banyuasin , Sumatera Selatan 
-1.623871,105.828415,2015-06-27,06:11:00,68,aqua,Banyunglincir , Musi Banyuasin , Sumatera Selatan 
-1.611615,105.839302,2015-06-27,06:11:00,79,aqua,Banyunglincir , Musi Banyuasin , Sumatera Selatan 
-1.626913,105.583946,2015-06-27,06:11:00,58,aqua,Banyunglincir , Musi Banyuasin , Sumatera Selatan 
-1.628753,105.571121,2015-06-27,06:11:00,69,aqua,Banyunglincir , Musi Banyuasin , Sumatera Selatan 
-1.850268,103.940086,2015-06-27,06:11:00,72,aqua,Banyunglincir , Musi Banyuasin , Sumatera Selatan 
-1.838106,103.938347,2015-06-27,06:11:00,98,aqua,Banyunglincir , Musi Banyuasin , Sumatera Selatan 
-1.761604,104.134392,2015-06-27,06:11:00,27,aqua,Kumpeh , Muaro Jambi , Jambi 
-1.763884,104.117783,2015-06-27,06:11:00,75,aqua,Kumpeh , Muaro Jambi , Jambi 
-1.768752,104.130341,2015-06-27,06:11:00,77,aqua,Kumpeh , Muaro Jambi , Jambi 
-2.212996,100.96698,2015-06-27,06:11:00,53,aqua,Pancung Soal , Pesisir Selatan , Sumatera Barat 
-1.718104,103.968796,2015-06-27,06:11:00,91,aqua,Sungai Gelam , Muaro Jambi , Jambi 
-1.720483,103.951729,2015-06-27,06:11:00,82,aqua,Sungai Gelam , Muaro Jambi , Jambi 
-1.713493,103.961472,2015-06-27,06:11:00,90,aqua,Sungai Gelam , Muaro Jambi , Jambi 
-1.519508,103.690948,2015-06-27,06:11:00,69,aqua,Kumpeh Ulu , Muaro Jambi , Jambi 
-1.522049,103.673164,2015-06-27,06:11:00,75,aqua,Taman Rajo , Muaro Jambi , Jambi 
-1.30916,104.050972,2015-06-27,06:11:00,66,aqua,Kumpeh , Muaro Jambi , Jambi 
-1.294809,103.628845,2015-06-27,06:11:00,59,aqua,Muara Sabak , Tanjung Jabung Timur , Jambi 
-1.246323,103.506683,2015-06-27,06:11:00,79,aqua,Muara Sabak , Tanjung Jabung Timur , Jambi 
-1.248903,103.488419,2015-06-27,06:11:00,79,aqua,Muara Sabak , Tanjung Jabung Timur , Jambi 
-1.233857,103.504883,2015-06-27,06:11:00,62,aqua,Muara Sabak , Tanjung Jabung Timur , Jambi 
-1.23641,103.486671,2015-06-27,06:11:00,57,aqua,Muara Sabak , Tanjung Jabung Timur , Jambi 
-1.11448,103.874763,2015-06-27,06:11:00,62,aqua,Muara Sabak , Tanjung Jabung Timur , Jambi 
-1.330266,102.3592,2015-06-27,06:11:00,82,aqua,Tebo Ulu , Tebo , Jambi 
-1.129203,103.683617,2015-06-27,06:11:00,56,aqua,Muara Sabak , Tanjung Jabung Timur , Jambi 
-0.330189,109.179939,2015-06-27,06:11:00,49,aqua,Tekluk Pakedai , Kubu Raya , Kalimantan Barat 
-0.045261,110.143211,2015-06-27,06:11:00,45,aqua,Tayan Hilir , Sanggau , Kalimantan Barat 
-1.061307,102.327698,2015-06-27,06:11:00,42,aqua,Tebo Ilir , Tebo , Jambi 
-1.006016,102.267029,2015-06-27,06:11:00,45,aqua,Tebo Ilir , Tebo , Jambi 
-0.992269,102.265213,2015-06-27,06:11:00,16,aqua,Tebo Ilir , Tebo , Jambi 
-0.981742,102.240883,2015-06-27,06:11:00,59,aqua,Tebo Ilir , Tebo , Jambi 
-0.967996,102.238884,2015-06-27,06:11:00,91,aqua,Tebo Ilir , Tebo , Jambi 
-0.858715,102.915604,2015-06-27,06:11:00,28,aqua,Keritang , Indragiri Hilir , Riau 
-0.951082,102.259407,2015-06-27,06:11:00,88,aqua,Tebo Ilir , Tebo , Jambi 
-0.954233,102.237007,2015-06-27,06:11:00,100,aqua,Tebo Ilir , Tebo , Jambi 
-0.940485,102.235023,2015-06-27,06:11:00,28,aqua,Tebo Ilir , Tebo , Jambi 
-0.968786,101.928917,2015-06-27,06:11:00,59,aqua,Tebo Ulu , Tebo , Jambi 
-0.97212,101.904785,2015-06-27,06:11:00,41,aqua,Tebo Ulu , Tebo , Jambi 
-0.958838,102.255714,2015-06-27,06:11:00,79,aqua,Tebo Ilir , Tebo , Jambi 
-0.96217,102.233345,2015-06-27,06:11:00,85,aqua,Tebo Ilir , Tebo , Jambi 
-0.94509,102.253914,2015-06-27,06:11:00,94,aqua,Tebo Ilir , Tebo , Jambi 
-0.948412,102.231445,2015-06-27,06:11:00,100,aqua,Tebo Ilir , Tebo , Jambi 
-0.965111,101.923798,2015-06-27,06:11:00,63,aqua,Tebo Ulu , Tebo , Jambi 
-0.878886,102.127586,2015-06-27,06:11:00,44,aqua,Seberida , Indragiri Hulu , Riau 
-0.882125,102.104591,2015-06-27,06:11:00,67,aqua,Seberida , Indragiri Hulu , Riau 
-0.724408,102.760986,2015-06-27,06:11:00,46,aqua,Keritang , Indragiri Hilir , Riau 
-0.673379,101.317581,2015-06-27,06:11:00,63,aqua,Tanjung Gadang , Sijunjung , Sumatera Barat 
-0.115198,104.608559,2015-06-27,06:11:00,47,aqua,Tanjung Gadang , Sijunjung , Sumatera Barat 
-0.196869,101.886192,2015-06-27,06:11:00,79,aqua,Pangkalan Kuras , Pelalawan , Riau 
0.913363,109.57827,2015-06-27,06:11:00,66,aqua,Bengkayang , Bengkayang , Kalimantan Barat 
-0.216623,101.712387,2015-06-27,06:11:00,61,aqua,Pangkalan Kuras , Pelalawan , Riau 
0.081961,103.532166,2015-06-27,06:11:00,56,aqua,Enok , Indragiri Hilir , Riau 
0.000468,102.712036,2015-06-27,06:11:00,40,aqua,Gaunganakserka , Indragiri Hilir , Riau 
-0.145881,101.702118,2015-06-27,06:11:00,30,aqua,Pangkalan Kuras , Pelalawan , Riau 
-0.145813,101.602142,2015-06-27,06:11:00,81,aqua,Langgam , Pelalawan , Riau 
-0.149379,101.577339,2015-06-27,06:11:00,61,aqua,Langgam , Pelalawan , Riau 
-0.200992,101.218407,2015-06-27,06:11:00,59,aqua,Singingi , Kuantan Singingi , Riau 
-0.131556,101.600029,2015-06-27,06:11:00,79,aqua,Langgam , Pelalawan , Riau 
-0.135085,101.575279,2015-06-27,06:11:00,74,aqua,Langgam , Pelalawan , Riau 
-0.143256,101.596802,2015-06-27,06:11:00,88,aqua,Langgam , Pelalawan , Riau 
-0.146995,101.572075,2015-06-27,06:11:00,69,aqua,Langgam , Pelalawan , Riau 
-0.197243,101.239876,2015-06-27,06:11:00,48,aqua,Singingi , Kuantan Singingi , Riau 
0.124983,102.668365,2015-06-27,06:11:00,41,aqua,Kuala Kampar , Pelalawan , Riau 
0.310419,103.326988,2015-06-27,06:11:00,60,aqua,Mandah , Indragiri Hilir , Riau 
1.270189,110.008926,2015-06-27,06:11:00,54,aqua,Siding , Bengkayang , Kalimantan Barat 
0.237753,102.366608,2015-06-27,06:11:00,57,aqua,Kuala Kampar , Pelalawan , Riau 
0.057832,100.909683,2015-06-27,06:11:00,40,aqua,Tiga Belas Koto Kampar , Kampar , Riau 
0.416155,102.964584,2015-06-27,06:11:00,72,aqua,Tiga Belas Koto Kampar , Kampar , Riau 
0.239739,101.743614,2015-06-27,06:11:00,59,aqua,Langgam , Pelalawan , Riau 
1.049394,104.258759,2015-06-27,06:11:00,59,aqua,Langgam , Pelalawan , Riau 
0.793092,102.156013,2015-06-27,06:11:00,41,aqua,Siak Sri Indrapura , Siak , Riau 
0.97057,102.999153,2015-06-27,06:11:00,52,aqua,Tebing Tinggi , Kepulauan Meranti , Riau 
1.076032,102.03183,2015-06-27,06:11:00,65,aqua,Tebing Tinggi , Kepulauan Meranti , Riau 
0.726874,99.46476,2015-06-27,06:11:00,46,aqua,Batang Natal , Mandailing Natal , Sumatera Utara 
1.331402,102.429008,2015-06-27,06:11:00,30,aqua,Bengkalis , Bengkalis , Riau 
0.993565,99.817505,2015-06-27,06:11:00,65,aqua,Sosa , Padang Lawas , Sumatera Utara 
0.990712,99.843315,2015-06-27,06:11:00,60,aqua,Sosa , Padang Lawas , Sumatera Utara 
0.986012,99.812546,2015-06-27,06:11:00,54,aqua,Sosa , Padang Lawas , Sumatera Utara 
1.348164,101.533272,2015-06-27,06:11:00,77,aqua,Mandau , Bengkalis , Riau 
1.352452,101.527603,2015-06-27,06:11:00,76,aqua,Mandau , Bengkalis , Riau 
1.507082,101.75679,2015-06-27,06:11:00,40,aqua,Mandau , Bengkalis , Riau 
1.279077,99.787186,2015-06-27,06:11:00,70,aqua,Aek Nabara Barumun , Padang Lawas , Sumatera Utara 
1.310948,99.941872,2015-06-27,06:11:00,67,aqua,Huristak , Padang Lawas , Sumatera Utara 
1.306182,99.910309,2015-06-27,06:11:00,66,aqua,Huristak , Padang Lawas , Sumatera Utara 
1.286725,99.781502,2015-06-27,06:11:00,72,aqua,Aek Nabara Barumun , Padang Lawas , Sumatera Utara 
1.326724,99.939217,2015-06-27,06:11:00,88,aqua,Huristak , Padang Lawas , Sumatera Utara 
1.322076,99.90818,2015-06-27,06:11:00,81,aqua,Huristak , Padang Lawas , Sumatera Utara 
1.596449,101.226608,2015-06-27,06:11:00,60,aqua,Tanah Putih , Rokan Hilir , Riau 
1.592727,101.201859,2015-06-27,06:11:00,67,aqua,Tanah Putih , Rokan Hilir , Riau 
1.799753,101.6959,2015-06-27,06:11:00,77,aqua,Rupat , Bengkalis , Riau 
1.733042,100.720245,2015-06-27,06:11:00,58,aqua,Bangko , Rokan Hilir , Riau 
1.786888,99.966034,2015-06-27,06:11:00,53,aqua,Kota Pinang , Labuhan Batu Selatan , Sumatera Utara 
1.955768,100.586548,2015-06-27,06:11:00,61,aqua,Bagan Sinembah , Rokan Hilir , Riau 
2.062062,100.895706,2015-06-27,06:11:00,71,aqua,Bangko , Rokan Hilir , Riau 
2.067911,100.914635,2015-06-27,06:11:00,51,aqua,Bangko , Rokan Hilir , Riau 
2.10359,100.856522,2015-06-27,06:11:00,73,aqua,Bangko , Rokan Hilir , Riau 
2.49508,99.394539,2015-06-27,06:11:00,41,aqua,Pintu Pohan Meranti , Toba Samosir , Sumatera Utara 
2.501967,99.388702,2015-06-27,06:11:00,52,aqua,Pintu Pohan Meranti , Toba Samosir , Sumatera Utara 
2.543199,99.442383,2015-06-27,06:11:00,68,aqua,Pintu Pohan Meranti , Toba Samosir , Sumatera Utara 
2.559286,99.439934,2015-06-27,06:11:00,78,aqua,Pintu Pohan Meranti , Toba Samosir , Sumatera Utara 
2.556524,99.466743,2015-06-27,06:11:00,66,aqua,Aek Songsongan , Asahan , Sumatera Utara 
2.551351,99.434151,2015-06-27,06:11:00,81,aqua,Pintu Pohan Meranti , Toba Samosir , Sumatera Utara 
4.470733,97.796814,2015-06-27,06:11:00,75,aqua,Pintu Pohan Meranti , Toba Samosir , Sumatera Utara 
4.453645,97.792313,2015-06-27,06:11:00,30,aqua,Pintu Pohan Meranti , Toba Samosir , Sumatera Utara 
4.471162,97.78933,2015-06-27,06:11:00,68,aqua,Pintu Pohan Meranti , Toba Samosir , Sumatera Utara 
-7,114.389862,2015-06-28,05:21:00,19,aqua,Pintu Pohan Meranti , Toba Samosir , Sumatera Utara 
-4.95511,122.561073,2015-06-28,05:21:00,47,aqua,Pintu Pohan Meranti , Toba Samosir , Sumatera Utara 
-1.699726,124.430702,2015-06-28,05:21:00,71,aqua,Lede ,                                          , Maluku Utara 
-1.820681,119.430336,2015-06-28,05:21:00,76,aqua,Karossa , Mamuju Tengah , Sulawesi Barat 
-1.398792,120.753777,2015-06-28,05:21:00,40,aqua,Poso Kota , Poso , Sulawesi Tengah 
-1.904523,113.614151,2015-06-28,05:21:00,76,aqua,Poso Kota , Poso , Sulawesi Tengah 
-1.901758,113.608864,2015-06-28,05:21:00,68,aqua,Poso Kota , Poso , Sulawesi Tengah 
0.719265,122.497292,2015-06-28,05:21:00,68,aqua,Wonosari , Boalemo , Gorontalo 
1.041028,120.822929,2015-06-28,05:21:00,33,aqua,Wonosari , Boalemo , Gorontalo 
1.988888,117.380821,2015-06-28,05:21:00,58,aqua,Wonosari , Boalemo , Gorontalo 
2.605685,117.66732,2015-06-28,05:21:00,69,aqua,Tanungpalas Timur , Bulungan , Kalimantan Utara 
2.603455,117.652161,2015-06-28,05:21:00,50,aqua,Tanungpalas Timur , Bulungan , Kalimantan Utara 
-4,103.43763,2015-06-28,06:58:00,31,aqua,Mula Ulu , Lahat , Sumatera Selatan 
-3.660021,103.952194,2015-06-28,06:58:00,73,aqua,Rambang Dangku , Muara Enim , Sumatera Selatan 
-3.651496,103.944916,2015-06-28,06:58:00,79,aqua,Rambang Dangku , Muara Enim , Sumatera Selatan 
-3.676944,103.385056,2015-06-28,06:58:00,58,aqua,Kaki Timur , Lahat , Sumatera Selatan 
-3.199945,105.003944,2015-06-28,06:58:00,47,aqua,Pampangan , Ogan Komering Ilir , Sumatera Selatan 
-3.197461,104.996613,2015-06-28,06:58:00,65,aqua,Pampangan , Ogan Komering Ilir , Sumatera Selatan 
-3.126992,104.691147,2015-06-28,06:58:00,70,aqua,Pemulutan , Ogan Ilir , Sumatera Selatan 
-3.087593,104.093216,2015-06-28,06:58:00,77,aqua,Penukal , Penukal Abab Lematang Ilir , Sumatera Selatan 
-3.08993,104.077759,2015-06-28,06:58:00,71,aqua,Penukal , Penukal Abab Lematang Ilir , Sumatera Selatan 
-2.857237,104.648636,2015-06-28,06:58:00,88,aqua,Talang Kelapa , Banyuasin , Sumatera Selatan 
-2.944547,103.98056,2015-06-28,06:58:00,71,aqua,Lais , Musi Banyuasin , Sumatera Selatan 
-2.759482,103.755661,2015-06-28,06:58:00,72,aqua,Babattoman , Musi Banyuasin , Sumatera Selatan 
-2.762307,103.750481,2015-06-28,06:58:00,45,aqua,Babattoman , Musi Banyuasin , Sumatera Selatan 
-2.373764,104.280457,2015-06-28,06:58:00,61,aqua,Pulau Rimau , Banyuasin , Sumatera Selatan 
-1.997605,103.803703,2015-06-28,06:58:00,62,aqua,Banyunglincir , Musi Banyuasin , Sumatera Selatan 
-1.986051,103.801987,2015-06-28,06:58:00,57,aqua,Banyunglincir , Musi Banyuasin , Sumatera Selatan 
-2.338395,100.922432,2015-06-28,06:58:00,55,aqua,Pancung Soal , Pesisir Selatan , Sumatera Barat 
-1.807872,103.977028,2015-06-28,06:58:00,55,aqua,Banyunglincir , Musi Banyuasin , Sumatera Selatan 
-1.802128,103.970474,2015-06-28,06:58:00,79,aqua,Banyunglincir , Musi Banyuasin , Sumatera Selatan 
-1.998083,102.600716,2015-06-28,06:58:00,78,aqua,Pauh , Sarolangun , Jambi 
-1.757474,104.112564,2015-06-28,06:58:00,43,aqua,Kumpeh , Muaro Jambi , Jambi 
-1.759853,104.096199,2015-06-28,06:58:00,18,aqua,Kumpeh , Muaro Jambi , Jambi 
-1.717451,103.974442,2015-06-28,06:58:00,63,aqua,Sungai Gelam , Muaro Jambi , Jambi 
-1.710031,103.966492,2015-06-28,06:58:00,77,aqua,Sungai Gelam , Muaro Jambi , Jambi 
-1.952147,102.273209,2015-06-28,06:58:00,77,aqua,Rantau Panjang , Merangin , Jambi 
-1.328305,103.740417,2015-06-28,06:58:00,49,aqua,Muara Sabak , Tanjung Jabung Timur , Jambi 
-1.330572,103.724945,2015-06-28,06:58:00,88,aqua,Muara Sabak , Tanjung Jabung Timur , Jambi 
-1.238938,103.496185,2015-06-28,06:58:00,47,aqua,Muara Sabak , Tanjung Jabung Timur , Jambi 
-1.431851,101.6297,2015-06-28,06:58:00,72,aqua,Koto Baru , Dharmasraya , Sumatera Barat 
-1.098654,102.394455,2015-06-28,06:58:00,32,aqua,Tebo Ilir , Tebo , Jambi 
-1.063864,102.33812,2015-06-28,06:58:00,84,aqua,Tebo Ilir , Tebo , Jambi 
-0.960373,102.265778,2015-06-28,06:58:00,100,aqua,Tebo Ilir , Tebo , Jambi 
-0.962197,102.253395,2015-06-28,06:58:00,100,aqua,Tebo Ilir , Tebo , Jambi 
-0.964023,102.241005,2015-06-28,06:58:00,70,aqua,Tebo Ilir , Tebo , Jambi 
-0.951764,102.251839,2015-06-28,06:58:00,90,aqua,Tebo Ilir , Tebo , Jambi 
-0.955664,102.259254,2015-06-28,06:58:00,100,aqua,Tebo Ilir , Tebo , Jambi 
-0.850847,102.924316,2015-06-28,06:58:00,30,aqua,Keritang , Indragiri Hilir , Riau 
-0.945223,102.257675,2015-06-28,06:58:00,53,aqua,Tebo Ilir , Tebo , Jambi 
-0.946975,102.2453,2015-06-28,06:58:00,94,aqua,Tebo Ilir , Tebo , Jambi 
-0.948729,102.23291,2015-06-28,06:58:00,100,aqua,Tebo Ilir , Tebo , Jambi 
-0.950462,102.220673,2015-06-28,06:58:00,88,aqua,Tebo Ilir , Tebo , Jambi 
-0.839846,102.922729,2015-06-28,06:58:00,24,aqua,Keritang , Indragiri Hilir , Riau 
-0.93654,102.243752,2015-06-28,06:58:00,87,aqua,Tebo Ilir , Tebo , Jambi 
-0.938296,102.231415,2015-06-28,06:58:00,100,aqua,Seberida , Indragiri Hulu , Riau 
-0.940046,102.219131,2015-06-28,06:58:00,100,aqua,Seberida , Indragiri Hulu , Riau 
-0.927854,102.229988,2015-06-28,06:58:00,97,aqua,Seberida , Indragiri Hulu , Riau 
-0.74871,103.31826,2015-06-28,06:58:00,48,aqua,Reteh , Indragiri Hilir , Riau 
-0.800904,102.805405,2015-06-28,06:58:00,71,aqua,Keritang , Indragiri Hilir , Riau 
-0.699187,101.823486,2015-06-28,06:58:00,52,aqua,Peranap , Indragiri Hulu , Riau 
-0.30174,101.886002,2015-06-28,06:58:00,73,aqua,Pangkalan Kuras , Pelalawan , Riau 
-0.223631,101.868958,2015-06-28,06:58:00,81,aqua,Pangkalan Kuras , Pelalawan , Riau 
-0.230486,101.821312,2015-06-28,06:58:00,87,aqua,Pangkalan Kuras , Pelalawan , Riau 
-0.232174,101.809578,2015-06-28,06:58:00,86,aqua,Pangkalan Kuras , Pelalawan , Riau 
-0.198112,101.690063,2015-06-28,06:58:00,100,aqua,Langgam , Pelalawan , Riau 
0.084876,103.532333,2015-06-28,06:58:00,66,aqua,Enok , Indragiri Hilir , Riau 
-0.161057,101.804749,2015-06-28,06:58:00,44,aqua,Pangkalan Kuras , Pelalawan , Riau 
-0.184125,101.570473,2015-06-28,06:58:00,71,aqua,Kuatan Hilir , Kuantan Singingi , Riau 
0.085752,103.372589,2015-06-28,06:58:00,45,aqua,Kuatan Hilir , Kuantan Singingi , Riau 
0.09508,103.355492,2015-06-28,06:58:00,39,aqua,Kuatan Hilir , Kuantan Singingi , Riau 
-0.142259,101.717842,2015-06-28,06:58:00,40,aqua,Pangkalan Kuras , Pelalawan , Riau 
-0.143953,101.706116,2015-06-28,06:58:00,61,aqua,Pangkalan Kuras , Pelalawan , Riau 
-0.163975,101.567558,2015-06-28,06:58:00,36,aqua,Langgam , Pelalawan , Riau 
-0.135478,101.69297,2015-06-28,06:58:00,100,aqua,Langgam , Pelalawan , Riau 
-0.13716,101.681389,2015-06-28,06:58:00,100,aqua,Langgam , Pelalawan , Riau 
-0.158855,101.531952,2015-06-28,06:58:00,100,aqua,Kuatan Hilir , Kuantan Singingi , Riau 
-0.160493,101.520668,2015-06-28,06:58:00,87,aqua,Kuatan Hilir , Kuantan Singingi , Riau 
-0.112217,101.508209,2015-06-28,06:58:00,80,aqua,Kuatan Hilir , Kuantan Singingi , Riau 
-0.097289,101.540939,2015-06-28,06:58:00,77,aqua,Langgam , Pelalawan , Riau 
-0.070686,101.654625,2015-06-28,06:58:00,76,aqua,Langgam , Pelalawan , Riau 
0.121497,102.679993,2015-06-28,06:58:00,32,aqua,Kuala Kampar , Pelalawan , Riau 
0.123664,102.672859,2015-06-28,06:58:00,71,aqua,Kuala Kampar , Pelalawan , Riau 
0.176139,102.399597,2015-06-28,06:58:00,20,aqua,Kuala Kampar , Pelalawan , Riau 
0.050825,101.012054,2015-06-28,06:58:00,96,aqua,Kampar Kiri , Kampar , Riau 
0.153453,100.791267,2015-06-28,06:58:00,82,aqua,Pangkalan Kotobaru , Lima Puluh Koto , Sumatera Barat 
0.552066,102.307434,2015-06-28,06:58:00,47,aqua,Bunut , Pelalawan , Riau 
0.430732,100.658157,2015-06-28,06:58:00,77,aqua,Tiga Belas Koto Kampar , Kampar , Riau 
0.429293,100.648087,2015-06-28,06:58:00,75,aqua,Tiga Belas Koto Kampar , Kampar , Riau 
0.539635,101.348076,2015-06-28,06:58:00,78,aqua,Tapung , Kampar , Riau 
0.731357,102.12394,2015-06-28,06:58:00,38,aqua,Siak Sri Indrapura , Siak , Riau 
0.974346,103.012688,2015-06-28,06:58:00,43,aqua,Tebing Tinggi , Kepulauan Meranti , Riau 
0.972189,102.997795,2015-06-28,06:58:00,56,aqua,Tebing Tinggi , Kepulauan Meranti , Riau 
1.053486,101.157249,2015-06-28,06:58:00,82,aqua,Pinggir , Bengkalis , Riau 
1.350297,101.532845,2015-06-28,06:58:00,85,aqua,Mandau , Bengkalis , Riau 
1.130396,99.832886,2015-06-28,06:58:00,48,aqua,Sosa , Padang Lawas , Sumatera Utara 
1.129029,99.823257,2015-06-28,06:58:00,41,aqua,Lubuk Barumun , Padang Lawas , Sumatera Utara 
1.111384,99.699005,2015-06-28,06:58:00,83,aqua,Lubuk Barumun , Padang Lawas , Sumatera Utara 
1.130935,99.119514,2015-06-28,06:58:00,62,aqua,Batang Angkola , Tapanuli Selatan , Sumatera Utara 
1.302903,99.9543,2015-06-28,06:58:00,90,aqua,Huristak , Padang Lawas , Sumatera Utara 
1.306761,99.913933,2015-06-28,06:58:00,82,aqua,Huristak , Padang Lawas , Sumatera Utara 
1.316101,99.912567,2015-06-28,06:58:00,97,aqua,Huristak , Padang Lawas , Sumatera Utara 
1.314725,99.90284,2015-06-28,06:58:00,90,aqua,Huristak , Padang Lawas , Sumatera Utara 
1.324063,99.901505,2015-06-28,06:58:00,49,aqua,Huristak , Padang Lawas , Sumatera Utara 
1.252099,99.198708,2015-06-28,06:58:00,70,aqua,Batang Angkola , Tapanuli Selatan , Sumatera Utara 
1.592656,101.216576,2015-06-28,06:58:00,44,aqua,Tanah Putih , Rokan Hilir , Riau 
1.658214,101.242516,2015-06-28,06:58:00,61,aqua,Tanah Putih , Rokan Hilir , Riau 
1.65561,101.237335,2015-06-28,06:58:00,46,aqua,Tanah Putih , Rokan Hilir , Riau 
1.469436,99.49752,2015-06-28,06:58:00,77,aqua,Padang Bolak Julu , Padang Lawas Utara , Sumatera Utara 
1.737902,100.730141,2015-06-28,06:58:00,30,aqua,Bangko , Rokan Hilir , Riau 
1.898532,100.361153,2015-06-28,06:58:00,86,aqua,Bagan Sinembah , Rokan Hilir , Riau 
1.897043,100.350822,2015-06-28,06:58:00,75,aqua,Bagan Sinembah , Rokan Hilir , Riau 
1.902009,100.365646,2015-06-28,06:58:00,54,aqua,Bagan Sinembah , Rokan Hilir , Riau 
1.900569,100.355293,2015-06-28,06:58:00,81,aqua,Bagan Sinembah , Rokan Hilir , Riau 
1.925606,100.394028,2015-06-28,06:58:00,66,aqua,Bagan Sinembah , Rokan Hilir , Riau 
1.96336,100.592697,2015-06-28,06:58:00,89,aqua,Bagan Sinembah , Rokan Hilir , Riau 
1.935242,100.392654,2015-06-28,06:58:00,86,aqua,Bagan Sinembah , Rokan Hilir , Riau 
1.933784,100.382286,2015-06-28,06:58:00,35,aqua,Bagan Sinembah , Rokan Hilir , Riau 
2.051474,100.789757,2015-06-28,06:58:00,57,aqua,Bangko , Rokan Hilir , Riau 
2.105953,100.876411,2015-06-28,06:58:00,53,aqua,Bangko , Rokan Hilir , Riau 
2.104391,100.865326,2015-06-28,06:58:00,80,aqua,Bangko , Rokan Hilir , Riau 
2.102834,100.854271,2015-06-28,06:58:00,81,aqua,Bangko , Rokan Hilir , Riau 
1.938974,99.115654,2015-06-28,06:58:00,70,aqua,Pangribuan , Tapanuli Utara , Sumatera Utara 
2.193504,100.779564,2015-06-28,06:58:00,60,aqua,Pangribuan , Tapanuli Utara , Sumatera Utara 
2.098164,100.106224,2015-06-28,06:58:00,92,aqua,Kampung Rakyat , Labuhan Batu Selatan , Sumatera Utara 
2.032321,99.642029,2015-06-28,06:58:00,56,aqua,Dolok Sigompon , Padang Lawas Utara , Sumatera Utara 
2.011645,99.43026,2015-06-28,06:58:00,53,aqua,Garoga , Tapanuli Utara , Sumatera Utara 
2.00826,98.691101,2015-06-28,06:58:00,59,aqua,Parmonangan , Tapanuli Utara , Sumatera Utara 
2.256348,100.359871,2015-06-28,06:58:00,74,aqua,Bagan Sinembah , Rokan Hilir , Riau 
2.304814,100.336586,2015-06-28,06:58:00,84,aqua,Bagan Sinembah , Rokan Hilir , Riau 
2.260824,99.57003,2015-06-28,06:58:00,84,aqua,Aeknatas , Labuhanbatu Utara , Sumatera Utara 
2.579255,100.183617,2015-06-28,06:58:00,66,aqua,Panei Hilir , Labuhanbatu , Sumatera Utara 
2.646312,100.221115,2015-06-28,06:58:00,61,aqua,Panei Hilir , Labuhanbatu , Sumatera Utara 
2.485281,99.07666,2015-06-28,06:58:00,62,aqua,Uluan , Toba Samosir , Sumatera Utara 
2.790223,99.664185,2015-06-28,06:58:00,72,aqua,Teluk Dalam , Asahan , Sumatera Utara 
2.575176,98.091003,2015-06-28,06:58:00,92,aqua,Sitelu Tali Urang Jehe , Pakpak Bhara , Sumatera Utara 
2.714157,98.031624,2015-06-28,06:58:00,60,aqua,Simpang Kiri , Kota Sulubussalam , Aceh 
3.16959,98.388184,2015-06-28,06:58:00,64,aqua,Simpang Kiri , Kota Sulubussalam , Aceh 
-8.124554,139.483414,2015-06-29,04:23:00,64,aqua,Simpang Kiri , Kota Sulubussalam , Aceh 
-6.518466,134.118042,2015-06-29,04:23:00,63,aqua,Simpang Kiri , Kota Sulubussalam , Aceh 
-3.977934,138.823181,2015-06-29,04:23:00,76,aqua,Muliama , Jayawijaya , Papua 
-3.989626,137.646149,2015-06-29,04:23:00,67,aqua,Tingginambut , Puncak , Papua 
-1.400533,133.754761,2015-06-29,04:23:00,64,aqua,Sugurey , Pegunungan Arfak , Papua Barat 
-1.404714,133.750275,2015-06-29,04:23:00,77,aqua,Sugurey , Pegunungan Arfak , Papua Barat 
-0.951032,136.047897,2015-06-29,04:23:00,36,aqua,Biak Utara , Biak Numfor , Papua 
-9.830695,120.562943,2015-06-29,05:59:00,52,aqua,Biak Utara , Biak Numfor , Papua 
-9.372478,119.985367,2015-06-29,05:59:00,40,aqua,Biak Utara , Biak Numfor , Papua 
-8.131445,114.057411,2015-06-29,05:59:00,79,aqua,Songgon , Banyuwangi , Jawa Timur 
-8.12251,114.056099,2015-06-29,05:59:00,100,aqua,Tlogosari , Bondowoso , Jawa Timur 
-8.123796,114.047127,2015-06-29,05:59:00,87,aqua,Tlogosari , Bondowoso , Jawa Timur 
-8.117062,112.92408,2015-06-29,05:59:00,66,aqua,Pronojiwo , Lumajang , Jawa Timur 
-7.837033,114.254128,2015-06-29,05:59:00,81,aqua,Banyuputih , Situbondo , Jawa Timur 
-7.800984,114.313416,2015-06-29,05:59:00,89,aqua,Banyuputih , Situbondo , Jawa Timur 
-7.802282,114.304398,2015-06-29,05:59:00,29,aqua,Banyuputih , Situbondo , Jawa Timur 
-7.948895,112.157173,2015-06-29,05:59:00,80,aqua,Ngancar , Kediri , Jawa Timur 
-7.950266,112.147278,2015-06-29,05:59:00,40,aqua,Ngancar , Kediri , Jawa Timur 
-7.397212,112.747704,2015-06-29,05:59:00,32,aqua,Gedangan , Sidoarjo , Jawa Timur 
-7.131115,113.011429,2015-06-29,05:59:00,76,aqua,Blega , Bangkalan , Jawa Timur 
-7.293545,111.792603,2015-06-29,05:59:00,69,aqua,Ngasem , Bojonegoro , Jawa Timur 
-7.015979,112.259483,2015-06-29,05:59:00,65,aqua,Sekran , Lamongan , Jawa Timur 
-6.814983,110.986984,2015-06-29,05:59:00,54,aqua,Margorejo , Pati , Jawa Tengah 
-3.402384,114.318817,2015-06-29,05:59:00,60,aqua,Kapuas Kuala , Kapuas , Kalimantan Tengah 
-3.285166,112.826767,2015-06-29,05:59:00,56,aqua,Teluk Sampit , Kotawaringin Timur , Kalimantan Tengah 
-3.220667,112.371887,2015-06-29,05:59:00,45,aqua,Seruyan Hilir , Seruyan , Kalimantan Tengah 
-3.181024,112.586189,2015-06-29,05:59:00,54,aqua,Seruyan Hilir Timur , Seruyan , Kalimantan Tengah 
-2.684699,115.021706,2015-06-29,05:59:00,61,aqua,Daha Barat , Hulu Sungai Selatan , Kalimantan Selatan 
-2.634211,115.034996,2015-06-29,05:59:00,60,aqua,Daha Barat , Hulu Sungai Selatan , Kalimantan Selatan 
-2.635693,115.024887,2015-06-29,05:59:00,77,aqua,Daha Barat , Hulu Sungai Selatan , Kalimantan Selatan 
-2.772942,111.637222,2015-06-29,05:59:00,87,aqua,Daha Barat , Hulu Sungai Selatan , Kalimantan Selatan 
-2.61145,111.034081,2015-06-29,05:59:00,67,aqua,Manisamata , Ketapang , Kalimantan Barat 
-2.146872,113.769981,2015-06-29,05:59:00,32,aqua,Manisamata , Ketapang , Kalimantan Barat 
-2.148181,113.760796,2015-06-29,05:59:00,40,aqua,Manisamata , Ketapang , Kalimantan Barat 
-1.946043,114.906258,2015-06-29,05:59:00,71,aqua,Karau Kuala , Barito Selatan , Kalimantan Tengah 
-3.381955,104.05323,2015-06-29,05:59:00,78,aqua,Rambang Dangku , Muara Enim , Sumatera Selatan 
-3.386262,104.021729,2015-06-29,05:59:00,82,aqua,Talang Ubi , Penukal Abab Lematang Ilir , Sumatera Selatan 
-3.372377,104.044853,2015-06-29,05:59:00,81,aqua,Rambang Dangku , Muara Enim , Sumatera Selatan 
-1.947826,113.616783,2015-06-29,05:59:00,74,aqua,Rambang Dangku , Muara Enim , Sumatera Selatan 
-1.949136,113.607658,2015-06-29,05:59:00,76,aqua,Rambang Dangku , Muara Enim , Sumatera Selatan 
-3.302722,103.050781,2015-06-29,05:59:00,56,aqua,Muara Beliti , Musi Rawas , Sumatera Selatan 
-2.248318,110.556747,2015-06-29,05:59:00,28,aqua,Singkup , Ketapang , Kalimantan Barat 
-2.24978,110.546616,2015-06-29,05:59:00,50,aqua,Singkup , Ketapang , Kalimantan Barat 
-3.299264,103.042931,2015-06-29,05:59:00,51,aqua,Muara Beliti , Musi Rawas , Sumatera Selatan 
-2.728178,106.148689,2015-06-29,05:59:00,47,aqua,Muara Beliti , Musi Rawas , Sumatera Selatan 
-3.191796,102.790024,2015-06-29,05:59:00,50,aqua,Selangit , Musi Rawas , Sumatera Selatan 
-1.702676,113.34124,2015-06-29,05:59:00,60,aqua,Selangit , Musi Rawas , Sumatera Selatan 
-2.994551,102.907928,2015-06-29,05:59:00,49,aqua,Batukuning/lakitan Ulu , Musi Rawas , Sumatera Selatan 
-2.986259,102.93782,2015-06-29,05:59:00,61,aqua,Batukuning/lakitan Ulu , Musi Rawas , Sumatera Selatan 
-2.99174,102.899765,2015-06-29,05:59:00,42,aqua,Batukuning/lakitan Ulu , Musi Rawas , Sumatera Selatan 
-1.502406,113.063965,2015-06-29,05:59:00,63,aqua,Batukuning/lakitan Ulu , Musi Rawas , Sumatera Selatan 
-1.503685,113.055,2015-06-29,05:59:00,72,aqua,Batukuning/lakitan Ulu , Musi Rawas , Sumatera Selatan 
-1.452288,113.286209,2015-06-29,05:59:00,52,aqua,Batukuning/lakitan Ulu , Musi Rawas , Sumatera Selatan 
-1.720987,110.043427,2015-06-29,05:59:00,86,aqua,Muara Pawan , Ketapang , Kalimantan Barat 
-1.321191,110.405342,2015-06-29,05:59:00,86,aqua,Nangatayap , Ketapang , Kalimantan Barat 
-1.990274,105.207726,2015-06-29,05:59:00,53,aqua,Nangatayap , Ketapang , Kalimantan Barat 
-1.76635,104.125107,2015-06-29,05:59:00,49,aqua,Kumpeh , Muaro Jambi , Jambi 
-1.291071,102.519592,2015-06-29,05:59:00,57,aqua,Tebo Ilir , Tebo , Jambi 
-1.289251,102.515076,2015-06-29,05:59:00,59,aqua,Tebo Ilir , Tebo , Jambi 
-0.966185,102.251846,2015-06-29,05:59:00,84,aqua,Tebo Ilir , Tebo , Jambi 
-0.931352,102.247063,2015-06-29,05:59:00,37,aqua,Tebo Ilir , Tebo , Jambi 
-0.965626,102.247475,2015-06-29,05:59:00,87,aqua,Tebo Ilir , Tebo , Jambi 
-0.930794,102.242699,2015-06-29,05:59:00,67,aqua,Seberida , Indragiri Hulu , Riau 
-0.936611,102.202614,2015-06-29,05:59:00,85,aqua,Seberida , Indragiri Hulu , Riau 
-0.918941,101.949364,2015-06-29,05:59:00,62,aqua,Tebo Ulu , Tebo , Jambi 
-0.9132,101.984291,2015-06-29,05:59:00,61,aqua,Tebo Ulu , Tebo , Jambi 
-0.273809,101.897041,2015-06-29,05:59:00,73,aqua,Pangkalan Kuras , Pelalawan , Riau 
-0.279669,101.855713,2015-06-29,05:59:00,72,aqua,Pangkalan Kuras , Pelalawan , Riau 
-0.274539,101.89325,2015-06-29,05:59:00,76,aqua,Pangkalan Kuras , Pelalawan , Riau 
-0.280658,101.852089,2015-06-29,05:59:00,70,aqua,Pangkalan Kuras , Pelalawan , Riau 
0.091088,102.790085,2015-06-29,05:59:00,45,aqua,Enok , Indragiri Hilir , Riau 
0.190269,102.798599,2015-06-29,05:59:00,42,aqua,Enok , Indragiri Hilir , Riau 
0.413656,102.96093,2015-06-29,05:59:00,60,aqua,Enok , Indragiri Hilir , Riau 
0.352289,102.209747,2015-06-29,05:59:00,42,aqua,Bunut , Pelalawan , Riau 
1.340485,102.10746,2015-06-29,05:59:00,37,aqua,Bunut , Pelalawan , Riau 
1.584215,102.058983,2015-06-29,05:59:00,38,aqua,Bunut , Pelalawan , Riau 
3.667803,108.24263,2015-06-29,05:59:00,29,aqua,Bunut , Pelalawan , Riau 
-10.82847,122.960663,2015-06-30,05:04:00,64,aqua,                                         , Kab. Rote Ndao , Nusa Tenggara Timur 
-9.827703,120.555435,2015-06-30,05:04:00,59,aqua,                                         , Kab. Rote Ndao , Nusa Tenggara Timur 
-2.380811,119.586845,2015-06-30,05:04:00,45,aqua,Kalumpang , Mamuju , Sulawesi Barat 
-5,104.354492,2015-06-30,06:43:00,97,aqua,Sekicau , Lampung Barat , Lampung 
-5.539227,104.344879,2015-06-30,06:43:00,81,aqua,Bengkunat Belimbing , Pesisir Barat , Lampung 
-5.421909,104.262619,2015-06-30,06:43:00,42,aqua,Bengkunat , Pesisir Barat , Lampung 
-4.205185,104.201584,2015-06-30,06:43:00,61,aqua,Batu Raja Timur , Ogan Komering Ulu , Sumatera Selatan 
-4.043624,104.377449,2015-06-30,06:43:00,65,aqua,Madang Sk Ii , Ogan Komering Ulu Timur , Sumatera Selatan 
-3.444139,103.041328,2015-06-30,06:43:00,65,aqua,Tebing Tinggi , Empat Lawang , Sumatera Selatan 
-3.420568,103.140381,2015-06-30,06:43:00,36,aqua,Muara Beliti , Musi Rawas , Sumatera Selatan 
-3.354011,103.09697,2015-06-30,06:43:00,74,aqua,Muara Beliti , Musi Rawas , Sumatera Selatan 
-3.187841,102.776237,2015-06-30,06:43:00,64,aqua,Selangit , Musi Rawas , Sumatera Selatan 
-2.709431,103.999306,2015-06-30,06:43:00,70,aqua,Keluang , Musi Banyuasin , Sumatera Selatan 
-2.71085,103.989441,2015-06-30,06:43:00,68,aqua,Keluang , Musi Banyuasin , Sumatera Selatan 
-2.650671,103.322731,2015-06-30,06:43:00,40,aqua,Rawas Ilir , Musi Rawas Utara , Sumatera Selatan 
-2.84373,101.453583,2015-06-30,06:43:00,81,aqua,Muko Muko Selatan , Muko-muko , Bengkulu 
-2.075563,105.275566,2015-06-30,06:43:00,46,aqua,Muko Muko Selatan , Muko-muko , Bengkulu 
-1.993948,105.209969,2015-06-30,06:43:00,62,aqua,Muko Muko Selatan , Muko-muko , Bengkulu 
-2.072683,104.250305,2015-06-30,06:43:00,64,aqua,Muara Telang , Banyuasin , Sumatera Selatan 
-2.205473,103.018936,2015-06-30,06:43:00,80,aqua,Pauh , Sarolangun , Jambi 
-2.262837,102.55365,2015-06-30,06:43:00,82,aqua,Sarolangun , Sarolangun , Jambi 
-2.25641,102.53434,2015-06-30,06:43:00,79,aqua,Sarolangun , Sarolangun , Jambi 
-2.175519,103.033417,2015-06-30,06:43:00,55,aqua,Pauh , Sarolangun , Jambi 
-1.991241,104.106483,2015-06-30,06:43:00,59,aqua,Banyunglincir , Musi Banyuasin , Sumatera Selatan 
-1.992725,104.096367,2015-06-30,06:43:00,67,aqua,Banyunglincir , Musi Banyuasin , Sumatera Selatan 
-1.998967,103.95826,2015-06-30,06:43:00,66,aqua,Banyunglincir , Musi Banyuasin , Sumatera Selatan 
-2.36462,101.070885,2015-06-30,06:43:00,68,aqua,Pancung Soal , Pesisir Selatan , Sumatera Barat 
-2.339741,100.920738,2015-06-30,06:43:00,70,aqua,Pancung Soal , Pesisir Selatan , Sumatera Barat 
-2.098435,102.481026,2015-06-30,06:43:00,82,aqua,Bangko , Merangin , Jambi 
-1.841415,104.07251,2015-06-30,06:43:00,86,aqua,Banyunglincir , Musi Banyuasin , Sumatera Selatan 
-1.842884,104.062378,2015-06-30,06:43:00,70,aqua,Banyunglincir , Musi Banyuasin , Sumatera Selatan 
-2.091985,102.205719,2015-06-30,06:43:00,91,aqua,Bangko , Merangin , Jambi 
-1.914284,103.195633,2015-06-30,06:43:00,67,aqua,Bajubang , Batanghari , Jambi 
-1.788678,104.007584,2015-06-30,06:43:00,64,aqua,Sungai Gelam , Muaro Jambi , Jambi 
-1.790121,103.99752,2015-06-30,06:43:00,81,aqua,Sungai Gelam , Muaro Jambi , Jambi 
-1.761656,104.128006,2015-06-30,06:43:00,79,aqua,Kumpeh , Muaro Jambi , Jambi 
-1.895404,102.421234,2015-06-30,06:43:00,100,aqua,Rantau Panjang , Merangin , Jambi 
-1.896691,102.412254,2015-06-30,06:43:00,92,aqua,Rantau Panjang , Merangin , Jambi 
-2.046143,101.047356,2015-06-30,06:43:00,55,aqua,Pancung Soal , Pesisir Selatan , Sumatera Barat 
-1.62419,103.737656,2015-06-30,06:43:00,37,aqua,Sungai Gelam , Muaro Jambi , Jambi 
-1.281695,104.058655,2015-06-30,06:43:00,44,aqua,Sungai Gelam , Muaro Jambi , Jambi 
-1.45139,101.6008,2015-06-30,06:43:00,86,aqua,Koto Baru , Dharmasraya , Sumatera Barat 
-1.452662,101.591896,2015-06-30,06:43:00,75,aqua,Koto Baru , Dharmasraya , Sumatera Barat 
-1.285759,102.628777,2015-06-30,06:43:00,77,aqua,Tebo Ilir , Tebo , Jambi 
-1.405489,101.794235,2015-06-30,06:43:00,82,aqua,Tanah Tumbuh , Bungo , Jambi 
-1.556318,100.732521,2015-06-30,06:43:00,51,aqua,Batang Kapas , Pesisir Selatan , Sumatera Barat 
-1.204323,102.88253,2015-06-30,06:43:00,91,aqua,Tungkalulu , Tanjung Jabung Barat , Jambi 
-1.205658,102.873192,2015-06-30,06:43:00,75,aqua,Tungkalulu , Tanjung Jabung Barat , Jambi 
-1.265687,102.26059,2015-06-30,06:43:00,70,aqua,Tebo Ulu , Tebo , Jambi 
-1.266974,102.25161,2015-06-30,06:43:00,69,aqua,Tebo Ulu , Tebo , Jambi 
-1.090156,103.414879,2015-06-30,06:43:00,61,aqua,Tungkalilir , Tanjung Jabung Barat , Jambi 
-1.148259,102.886787,2015-06-30,06:43:00,60,aqua,Tungkalulu , Tanjung Jabung Barat , Jambi 
-1.017457,103.033455,2015-06-30,06:43:00,66,aqua,Tungkalulu , Tanjung Jabung Barat , Jambi 
-0.967749,103.316208,2015-06-30,06:43:00,62,aqua,Tungkalilir , Tanjung Jabung Barat , Jambi 
-1.061329,102.338142,2015-06-30,06:43:00,96,aqua,Tebo Ilir , Tebo , Jambi 
-1.062617,102.329155,2015-06-30,06:43:00,94,aqua,Tebo Ilir , Tebo , Jambi 
-1.284973,100.64077,2015-06-30,06:43:00,69,aqua,Tebo Ilir , Tebo , Jambi 
-1.28633,100.631378,2015-06-30,06:43:00,56,aqua,Tebo Ilir , Tebo , Jambi 
-0.983103,102.237656,2015-06-30,06:43:00,95,aqua,Tebo Ilir , Tebo , Jambi 
-0.97668,102.218422,2015-06-30,06:43:00,74,aqua,Tebo Ulu , Tebo , Jambi 
-0.965087,102.238724,2015-06-30,06:43:00,40,aqua,Tebo Ilir , Tebo , Jambi 
-0.916229,102.066986,2015-06-30,06:43:00,81,aqua,Tebo Ulu , Tebo , Jambi 
-0.889158,101.992493,2015-06-30,06:43:00,91,aqua,Tebo Ulu , Tebo , Jambi 
-0.890432,101.983566,2015-06-30,06:43:00,74,aqua,Tebo Ulu , Tebo , Jambi 
-0.854599,102.106232,2015-06-30,06:43:00,58,aqua,Seberida , Indragiri Hulu , Riau 
-0.915764,101.677925,2015-06-30,06:43:00,66,aqua,Pulau Punjung , Dharmasraya , Sumatera Barat 
-0.905533,101.685547,2015-06-30,06:43:00,75,aqua,Pulau Punjung , Dharmasraya , Sumatera Barat 
-0.841755,102.067818,2015-06-30,06:43:00,54,aqua,Seberida , Indragiri Hulu , Riau 
-0.787739,102.316704,2015-06-30,06:43:00,46,aqua,Seberida , Indragiri Hulu , Riau 
-0.849618,100.852577,2015-06-30,06:43:00,56,aqua,Payung Sekaki , Solok , Sumatera Barat 
-0.808186,100.372086,2015-06-30,06:43:00,60,aqua,Kototengah , Kota Padang , Sumatera Barat 
-0.736373,100.811943,2015-06-30,06:43:00,90,aqua,Sawah Lunto , Sijunjung , Sumatera Barat 
-0.581142,101.123108,2015-06-30,06:43:00,92,aqua,Sijunjung , Sijunjung , Sumatera Barat 
-0.564231,100.987038,2015-06-30,06:43:00,77,aqua,Sijunjung , Sijunjung , Sumatera Barat 
-0.565512,100.978073,2015-06-30,06:43:00,74,aqua,Sumpur Kudus , Sijunjung , Sumatera Barat 
-0.476994,100.949585,2015-06-30,06:43:00,60,aqua,Sumpur Kudus , Sijunjung , Sumatera Barat 
-0.295695,101.834274,2015-06-30,06:43:00,60,aqua,Pangkalan Kuras , Pelalawan , Riau 
-0.103627,102.926849,2015-06-30,06:43:00,69,aqua,Gaunganakserka , Indragiri Hilir , Riau 
-0.240353,101.902596,2015-06-30,06:43:00,48,aqua,Pangkalan Kuras , Pelalawan , Riau 
-0.24163,101.893654,2015-06-30,06:43:00,46,aqua,Pangkalan Kuras , Pelalawan , Riau 
-0.159271,102.406113,2015-06-30,06:43:00,60,aqua,Kuala Kampar , Pelalawan , Riau 
-0.160572,102.397011,2015-06-30,06:43:00,45,aqua,Kuala Kampar , Pelalawan , Riau 
-0.212142,101.907677,2015-06-30,06:43:00,62,aqua,Pangkalan Kuras , Pelalawan , Riau 
-0.21342,101.898735,2015-06-30,06:43:00,99,aqua,Pangkalan Kuras , Pelalawan , Riau 
-0.182356,101.723763,2015-06-30,06:43:00,38,aqua,Pangkalan Kuras , Pelalawan , Riau 
-0.191259,101.661377,2015-06-30,06:43:00,64,aqua,Langgam , Pelalawan , Riau 
0.085346,103.535896,2015-06-30,06:43:00,63,aqua,Enok , Indragiri Hilir , Riau 
0.08392,103.525902,2015-06-30,06:43:00,64,aqua,Enok , Indragiri Hilir , Riau 
0.107399,103.421173,2015-06-30,06:43:00,33,aqua,Enok , Indragiri Hilir , Riau 
-0.042179,102.38282,2015-06-30,06:43:00,36,aqua,Kuala Kampar , Pelalawan , Riau 
-0.03181,102.39064,2015-06-30,06:43:00,61,aqua,Kuala Kampar , Pelalawan , Riau 
-0.03312,102.381523,2015-06-30,06:43:00,100,aqua,Kuala Kampar , Pelalawan , Riau 
-0.141304,101.626953,2015-06-30,06:43:00,60,aqua,Langgam , Pelalawan , Riau 
-0.168505,100.987946,2015-06-30,06:43:00,75,aqua,Kampar Kiri Hulu , Kampar , Riau 
0.11874,102.675865,2015-06-30,06:43:00,62,aqua,Kuala Kampar , Pelalawan , Riau 
-0.045722,101.519295,2015-06-30,06:43:00,58,aqua,Kampar Kiri Hilir , Kampar , Riau 
1.142977,109.250359,2015-06-30,06:43:00,58,aqua,Tebas , Sambas , Kalimantan Barat 
0.17213,102.408424,2015-06-30,06:43:00,42,aqua,Kuala Kampar , Pelalawan , Riau 
-0.009208,101.135345,2015-06-30,06:43:00,64,aqua,Kampar Kiri , Kampar , Riau 
1.141866,109.244751,2015-06-30,06:43:00,66,aqua,Tebas , Sambas , Kalimantan Barat 
0.340977,102.880257,2015-06-30,06:43:00,55,aqua,Tebas , Sambas , Kalimantan Barat 
0.083246,101.070206,2015-06-30,06:43:00,46,aqua,Kampar Kiri , Kampar , Riau 
0.49893,103.016838,2015-06-30,06:43:00,62,aqua,Kampar Kiri , Kampar , Riau 
0.339153,101.901535,2015-06-30,06:43:00,61,aqua,Pangkalan Kuras , Pelalawan , Riau 
0.337871,101.89257,2015-06-30,06:43:00,79,aqua,Pangkalan Kuras , Pelalawan , Riau 
0.150172,100.577042,2015-06-30,06:43:00,71,aqua,Kapur Sembilan , Lima Puluh Koto , Sumatera Barat 
0.35111,101.528694,2015-06-30,06:43:00,38,aqua,Siak Hulu , Kampar , Riau 
0.119755,99.578117,2015-06-30,06:43:00,55,aqua,Siak Hulu , Kampar , Riau 
0.125673,99.581734,2015-06-30,06:43:00,67,aqua,Siak Hulu , Kampar , Riau 
0.124252,99.57196,2015-06-30,06:43:00,73,aqua,Siak Hulu , Kampar , Riau 
0.618774,102.831924,2015-06-30,06:43:00,57,aqua,Siak Hulu , Kampar , Riau 
0.617431,102.822456,2015-06-30,06:43:00,72,aqua,Siak Hulu , Kampar , Riau 
0.651863,102.865883,2015-06-30,06:43:00,59,aqua,Siak Hulu , Kampar , Riau 
0.66866,102.786217,2015-06-30,06:43:00,29,aqua,Siak Hulu , Kampar , Riau 
0.29908,99.944084,2015-06-30,06:43:00,51,aqua,Siak Hulu , Kampar , Riau 
0.664397,102.111816,2015-06-30,06:43:00,73,aqua,Siak Sri Indrapura , Siak , Riau 
0.292756,99.501122,2015-06-30,06:43:00,66,aqua,Siak Sri Indrapura , Siak , Riau 
0.67182,102.105064,2015-06-30,06:43:00,23,aqua,Siak Sri Indrapura , Siak , Riau 
0.431019,100.419617,2015-06-30,06:43:00,65,aqua,Rokan Empat Koto , Rokan Hulu , Riau 
0.429721,100.410576,2015-06-30,06:43:00,77,aqua,Rokan Empat Koto , Rokan Hulu , Riau 
0.485547,100.670708,2015-06-30,06:43:00,72,aqua,Tapungkiri , Kampar , Riau 
0.484257,100.661705,2015-06-30,06:43:00,66,aqua,Tapungkiri , Kampar , Riau 
0.303217,99.271133,2015-06-30,06:43:00,72,aqua,Tapungkiri , Kampar , Riau 
0.731113,101.939995,2015-06-30,06:43:00,80,aqua,Siak Sri Indrapura , Siak , Riau 
0.980437,102.989525,2015-06-30,06:43:00,48,aqua,Tebing Tinggi , Kepulauan Meranti , Riau 
0.991846,101.892891,2015-06-30,06:43:00,63,aqua,Siak , Siak , Riau 
0.705534,99.444138,2015-06-30,06:43:00,46,aqua,Batang Natal , Mandailing Natal , Sumatera Utara 
0.704083,99.434021,2015-06-30,06:43:00,63,aqua,Batang Natal , Mandailing Natal , Sumatera Utara 
1.106062,101.919441,2015-06-30,06:43:00,78,aqua,Siak Kecil , Bengkalis , Riau 
1.202749,102.016342,2015-06-30,06:43:00,34,aqua,Siak Kecil , Bengkalis , Riau 
1.148615,101.638382,2015-06-30,06:43:00,81,aqua,Pinggir , Bengkalis , Riau 
1.147334,101.629433,2015-06-30,06:43:00,75,aqua,Pinggir , Bengkalis , Riau 
1.156552,101.631599,2015-06-30,06:43:00,77,aqua,Pinggir , Bengkalis , Riau 
0.905074,99.110657,2015-06-30,06:43:00,41,aqua,Muara Batang Gadis , Mandailing Natal , Sumatera Utara 
1.571877,101.31324,2015-06-30,06:43:00,62,aqua,Dumai Timur , Kota Dumai , Riau 
1.287021,98.938858,2015-06-30,06:43:00,68,aqua,Dumai Timur , Kota Dumai , Riau 
1.285491,98.928185,2015-06-30,06:43:00,76,aqua,Sidempuan Barat , Tapanuli Selatan , Sumatera Utara 
1.295026,98.926712,2015-06-30,06:43:00,70,aqua,Sidempuan Barat , Tapanuli Selatan , Sumatera Utara 
1.469929,98.79493,2015-06-30,06:43:00,51,aqua,Lumut , Tapanuli Tengah , Sumatera Utara 
1.826607,101.167793,2015-06-30,06:43:00,27,aqua,Dumai Barat , Kota Dumai , Riau 
1.605179,99.303368,2015-06-30,06:43:00,44,aqua,Sipirok , Tapanuli Selatan , Sumatera Utara 
1.603783,99.293671,2015-06-30,06:43:00,54,aqua,Sipirok , Tapanuli Selatan , Sumatera Utara 
1.663516,99.198631,2015-06-30,06:43:00,52,aqua,Sipirok , Tapanuli Selatan , Sumatera Utara 
1.662031,99.188408,2015-06-30,06:43:00,83,aqua,Sipirok , Tapanuli Selatan , Sumatera Utara 
1.976445,101.312561,2015-06-30,06:43:00,57,aqua,Dumai Barat , Kota Dumai , Riau 
1.671384,99.186897,2015-06-30,06:43:00,85,aqua,Sipirok , Tapanuli Selatan , Sumatera Utara 
2.009011,101.156586,2015-06-30,06:43:00,66,aqua,Dumai Barat , Kota Dumai , Riau 
1.81788,98.656372,2015-06-30,06:43:00,47,aqua,Kolang , Tapanuli Tengah , Sumatera Utara 
1.816399,98.646011,2015-06-30,06:43:00,55,aqua,Kolang , Tapanuli Tengah , Sumatera Utara 
2.061399,99.006424,2015-06-30,06:43:00,67,aqua,Tarutung , Tapanuli Utara , Sumatera Utara 
2.095284,98.87439,2015-06-30,06:43:00,53,aqua,Sopoholon , Tapanuli Utara , Sumatera Utara 
2.350688,99.564819,2015-06-30,06:43:00,54,aqua,Kwaluh Hulu , Labuhanbatu Utara , Sumatera Utara 
2.349316,99.555367,2015-06-30,06:43:00,41,aqua,Kwaluh Hulu , Labuhanbatu Utara , Sumatera Utara 
2.212108,98.410866,2015-06-30,06:43:00,89,aqua,Pakkat , Humbang Hasundutan , Sumatera Utara 
2.210542,98.400063,2015-06-30,06:43:00,5,aqua,Pakkat , Humbang Hasundutan , Sumatera Utara 
2.182549,98.137642,2015-06-30,06:43:00,45,aqua,Singkil Utara , Aceh Singkil , Aceh 
2.436973,99.650185,2015-06-30,06:43:00,85,aqua,Kwaluh Hulu , Labuhanbatu Utara , Sumatera Utara 
2.577224,100.173134,2015-06-30,06:43:00,93,aqua,Panei Hilir , Labuhanbatu , Sumatera Utara 
2.575929,100.164078,2015-06-30,06:43:00,64,aqua,Panei Hilir , Labuhanbatu , Sumatera Utara 
2.384722,98.762932,2015-06-30,06:43:00,61,aqua,Pollung , Humbang Hasundutan , Sumatera Utara 
2.411654,98.38205,2015-06-30,06:43:00,52,aqua,Pollung , Humbang Hasundutan , Sumatera Utara 
2.630467,98.624695,2015-06-30,06:43:00,49,aqua,Pollung , Humbang Hasundutan , Sumatera Utara 
2.62904,98.614792,2015-06-30,06:43:00,40,aqua,Pollung , Humbang Hasundutan , Sumatera Utara 
2.553966,98.093529,2015-06-30,06:43:00,67,aqua,Sitelu Tali Urang Jehe , Pakpak Bhara , Sumatera Utara 
2.552373,98.082481,2015-06-30,06:43:00,44,aqua,Surobaru , Aceh Singkil , Aceh 
2.595665,98.24469,2015-06-30,06:43:00,29,aqua,Sitelu Tali Urang Jehe , Pakpak Bhara , Sumatera Utara 
2.584538,98.082787,2015-06-30,06:43:00,44,aqua,Sitelu Tali Urang Jehe , Pakpak Bhara , Sumatera Utara 
2.656158,98.500618,2015-06-30,06:43:00,78,aqua,Sitelu Tali Urang Jehe , Pakpak Bhara , Sumatera Utara 
2.638373,98.176025,2015-06-30,06:43:00,51,aqua,Sitelu Tali Urang Jehe , Pakpak Bhara , Sumatera Utara 
2.636824,98.165382,2015-06-30,06:43:00,71,aqua,Sitelu Tali Urang Jehe , Pakpak Bhara , Sumatera Utara 
2.628223,97.825424,2015-06-30,06:43:00,70,aqua,Rundeng , Kota Sulubussalam , Aceh 
2.628383,97.831306,2015-06-30,06:43:00,32,aqua,Rundeng , Kota Sulubussalam , Aceh 
2.691181,98.117752,2015-06-30,06:43:00,75,aqua,Sitelu Tali Urang Jehe , Pakpak Bhara , Sumatera Utara 
2.689592,98.106979,2015-06-30,06:43:00,78,aqua,Sitelu Tali Urang Jehe , Pakpak Bhara , Sumatera Utara 
2.707727,98.024811,2015-06-30,06:43:00,75,aqua,Simpang Kiri , Kota Sulubussalam , Aceh 
2.858514,97.727493,2015-06-30,06:43:00,74,aqua,Trumon , Aceh Selatan , Aceh 
2.892061,97.746872,2015-06-30,06:43:00,92,aqua,Trumon Timur , Aceh Selatan , Aceh 
2.893188,97.752007,2015-06-30,06:43:00,55,aqua,Trumon Timur , Aceh Selatan , Aceh 
3.064636,98.776169,2015-06-30,06:43:00,56,aqua,Trumon Timur , Aceh Selatan , Aceh 
3.014348,98.433426,2015-06-30,06:43:00,57,aqua,Trumon Timur , Aceh Selatan , Aceh 
3.074046,98.774712,2015-06-30,06:43:00,87,aqua,Trumon Timur , Aceh Selatan , Aceh 
2.986135,97.483917,2015-06-30,06:43:00,54,aqua,Bakongan , Aceh Selatan , Aceh 
3.188345,98.094086,2015-06-30,06:43:00,55,aqua,Mardinding , Karo , Sumatera Utara 
3.213531,97.916069,2015-06-30,06:43:00,40,aqua,Lawealas , Aceh Tenggara , Aceh 
3.77409,96.596985,2015-06-30,06:43:00,77,aqua,Lawealas , Aceh Tenggara , Aceh 
3.784817,96.59539,2015-06-30,06:43:00,20,aqua,Lawealas , Aceh Tenggara , Aceh 
4.146397,96.955353,2015-06-30,06:43:00,31,aqua,Teripejaya , Gayo Lues , Aceh 
4.153828,96.961205,2015-06-30,06:43:00,45,aqua,Teripejaya , Gayo Lues , Aceh 
4.186797,96.968971,2015-06-30,06:43:00,57,aqua,Kutepinang , Aceh Tengah , Aceh 
4.144429,96.222076,2015-06-30,06:43:00,42,aqua,Meurebo , Aceh Barat , Aceh 
4.217938,96.111664,2015-06-30,06:43:00,49,aqua,Johanpahlawan , Aceh Barat , Aceh 
4.347466,96.051277,2015-06-30,06:43:00,73,aqua,Woyla , Aceh Barat , Aceh 
4.377917,96.104012,2015-06-30,06:43:00,79,aqua,Woyla , Aceh Barat , Aceh 
4.44126,95.915382,2015-06-30,06:43:00,52,aqua,Teunom , Aceh Jaya , Aceh 
4.50654,95.81002,2015-06-30,06:43:00,67,aqua,Teunom , Aceh Jaya , Aceh 
4.67359,95.698135,2015-06-30,06:43:00,48,aqua,Teunom , Aceh Jaya , Aceh 
3.483331,117.039207,2015-06-01,02:40:00,25,terra,Teunom , Aceh Jaya , Aceh 
2.469676,117.843994,2015-06-01,02:40:00,50,terra,Tanungpalas Timur , Bulungan , Kalimantan Utara 
2.15181,117.502594,2015-06-01,02:40:00,36,terra,Tanungpalas Timur , Bulungan , Kalimantan Utara 
-0.442887,116.043549,2015-06-01,02:40:00,51,terra,Jempang , Kutai Barat , Kalimantan Timur 
-1.907159,115.852936,2015-06-01,02:40:00,52,terra,Jempang , Kutai Barat , Kalimantan Timur 
-8.48112,121.269913,2015-06-01,02:40:00,28,terra,Jempang , Kutai Barat , Kalimantan Timur 
-8.113489,112.928612,2015-06-01,02:40:00,51,terra,Pronojiwo , Lumajang , Jawa Timur 
2,125.403732,2015-06-02,01:45:00,52,terra,Pronojiwo , Lumajang , Jawa Timur 
1.494795,127.634521,2015-06-02,01:45:00,69,terra,Ibu Utara ,                                          , Maluku Utara 
-2.92649,132.306458,2015-06-02,01:45:00,38,terra,Ibu Utara ,                                          , Maluku Utara 
-1.079569,109.957657,2015-06-02,03:24:00,46,terra,Simpang Hilir , Kayong Utara , Kalimantan Barat 
-2.574638,106.712776,2015-06-02,03:24:00,90,terra,Simpang Hilir , Kayong Utara , Kalimantan Barat 
-2.58082,106.715508,2015-06-02,03:24:00,80,terra,Simpang Hilir , Kayong Utara , Kalimantan Barat 
-2.604573,105.422325,2015-06-02,03:24:00,27,terra,Simpang Hilir , Kayong Utara , Kalimantan Barat 
-2.770087,105.670059,2015-06-02,03:24:00,52,terra,Simpang Hilir , Kayong Utara , Kalimantan Barat 
-2.909547,105.554276,2015-06-02,03:24:00,33,terra,Tulung Selapan , Ogan Komering Ilir , Sumatera Selatan 
-3.042279,105.329208,2015-06-02,03:24:00,55,terra,Pampangan , Ogan Komering Ilir , Sumatera Selatan 
-3.333163,104.678482,2015-06-02,03:24:00,58,terra,Tanjung Batu , Ogan Ilir , Sumatera Selatan 
-3.334479,104.687386,2015-06-02,03:24:00,80,terra,Tanjung Batu , Ogan Ilir , Sumatera Selatan 
-3.420713,105.085289,2015-06-02,03:24:00,56,terra,Pedamaran , Ogan Komering Ilir , Sumatera Selatan 
-3.300424,104.084015,2015-06-02,03:24:00,73,terra,Tanah Abang , Penukal Abab Lematang Ilir , Sumatera Selatan 
-4.295173,105.648102,2015-06-02,03:24:00,28,terra,Penawarana , Tulang Bawang , Lampung 
-4.379829,104.843071,2015-06-02,03:24:00,66,terra,Negara Batin , Way Kanan , Lampung 
-4.539416,104.862816,2015-06-02,03:24:00,96,terra,Negeri Besar , Way Kanan , Lampung 
-4.540735,104.871803,2015-06-02,03:24:00,72,terra,Negeri Besar , Way Kanan , Lampung 
-5.414087,105.304619,2015-06-02,03:24:00,20,terra,Tanjung Karang Timur , Kota Bandar Lampung , Lampung 
4.139615,117.654274,2015-06-03,02:27:00,48,terra,Nunukan , Nunukan , Kalimantan Utara 
4.085518,117.112465,2015-06-03,02:27:00,50,terra,Tulinonsoi , Nunukan , Kalimantan Utara 
3.929857,116.986298,2015-06-03,02:27:00,45,terra,Sembakung , Nunukan , Kalimantan Utara 
3.812466,117.508614,2015-06-03,02:27:00,54,terra,Sembakung , Nunukan , Kalimantan Utara 
1.447726,125.187935,2015-06-03,02:27:00,53,terra,Sembakung , Nunukan , Kalimantan Utara 
1.445129,125.20533,2015-06-03,02:27:00,22,terra,Sembakung , Nunukan , Kalimantan Utara 
1.347643,116.746109,2015-06-03,02:27:00,26,terra,Muarawahau , Kutai Timur , Kalimantan Timur 
-1.09619,121.514877,2015-06-03,02:27:00,62,terra,Ulubongka , Tojounauna , Sulawesi Tengah 
-1.197521,121.580055,2015-06-03,02:27:00,44,terra,Ulubongka , Tojounauna , Sulawesi Tengah 
-2.579459,121.388824,2015-06-03,02:27:00,71,terra,Nuha , Luwu Timur , Sulawesi Selatan 
-1.914544,116.195465,2015-06-03,02:27:00,39,terra,Tanahgrogot , Paser , Kalimantan Timur 
-1.903899,115.85257,2015-06-03,02:27:00,68,terra,Tanahgrogot , Paser , Kalimantan Timur 
-2.589802,115.381699,2015-06-03,02:27:00,62,terra,Barabai , Hulu Sungai Tengah , Kalimantan Selatan 
-3.968195,122.518806,2015-06-03,02:27:00,18,terra,Barabai , Hulu Sungai Tengah , Kalimantan Selatan 
-2,133.144485,2015-06-04,01:34:00,39,terra,Moskona Selatan , Teluk Bintuni , Papua Barat 
-3.537021,138.378052,2015-06-04,01:34:00,90,terra,Umage , Toli Kara , Papua 
-3.539765,138.397644,2015-06-04,01:34:00,91,terra,Panaga , Toli Kara , Papua 
1.339794,102.437363,2015-06-04,03:11:00,42,terra,Bengkalis , Bengkalis , Riau 
0.098728,109.387878,2015-06-04,03:11:00,61,terra,Kuala Mandor B , Kubu Raya , Kalimantan Barat 
-3.888567,104.758896,2015-06-04,03:11:00,50,terra,Semendawai Sk I , Ogan Komering Ulu Timur , Sumatera Selatan 
-7.009691,107.809578,2015-06-04,03:11:00,60,terra,Cikancung , Bandung , Jawa Barat 
2.770957,125.399673,2015-06-05,02:15:00,63,terra,Siau Tengah , Kepulauan Siau Tagulandang Biaro , Sulawesi Utara 
2.769428,125.409935,2015-06-05,02:15:00,80,terra,Siau Timur , Kepulauan Siau Tagulandang Biaro , Sulawesi Utara 
1.044397,120.818474,2015-06-05,02:15:00,44,terra,Siau Timur , Kepulauan Siau Tagulandang Biaro , Sulawesi Utara 
1.007934,120.873215,2015-06-05,02:15:00,33,terra,Siau Timur , Kepulauan Siau Tagulandang Biaro , Sulawesi Utara 
-9.335603,119.933815,2015-06-05,02:15:00,28,terra,Siau Timur , Kepulauan Siau Tagulandang Biaro , Sulawesi Utara 
-1,133.786621,2015-06-06,01:22:00,72,terra,Warmare , Manokwari , Papua Barat 
0.45213,103.067764,2015-06-06,02:58:00,32,terra,Warmare , Manokwari , Papua Barat 
-1.931992,114.972755,2015-06-06,02:58:00,43,terra,Pematang Karau , Barito Timur , Kalimantan Tengah 
-1.93835,114.978958,2015-06-06,02:58:00,24,terra,Pematang Karau , Barito Timur , Kalimantan Tengah 
-7.564092,112.610687,2015-06-06,02:58:00,28,terra,Ngoro , Mojokerto , Jawa Timur 
1.446008,125.189224,2015-06-07,02:03:00,45,terra,Ngoro , Mojokerto , Jawa Timur 
1.03809,120.825279,2015-06-07,02:03:00,26,terra,Ngoro , Mojokerto , Jawa Timur 
-0.468082,100.399857,2015-06-07,03:44:00,42,terra,Padangpanjang Timur , Padang Panjang , Sumatera Barat 
-7.488776,110.817696,2015-06-08,02:46:00,67,terra,Gondangrejo , Karanganyar , Jawa Tengah 
-8.109987,112.923904,2015-06-08,02:46:00,46,terra,Ampel Gading , Malang , Jawa Timur 
0,134.062622,2015-06-09,01:51:00,24,terra,Ampel Gading , Malang , Jawa Timur 
-0.88655,131.287033,2015-06-09,01:51:00,45,terra,Sorong Barat , Kota Sorong , Papua Barat 
-8.189456,130.976532,2015-06-09,01:51:00,70,terra,Tanimbar Selatan , Kab. Maluku Tenggara , Maluku 
-9.762491,120.465546,2015-06-09,01:51:00,44,terra,Tanimbar Selatan , Kab. Maluku Tenggara , Maluku 
-2.063771,101.396767,2015-06-09,03:30:00,37,terra,Sungai Penuh , Kota Sungai Penuh , Jambi 
-2.578584,121.387978,2015-06-09,14:11:00,89,terra,Nuha , Luwu Timur , Sulawesi Selatan 
-2.580007,121.377945,2015-06-09,14:11:00,100,terra,Nuha , Luwu Timur , Sulawesi Selatan 
2.773446,125.400772,2015-06-09,14:11:00,69,terra,Siau Tengah , Kepulauan Siau Tagulandang Biaro , Sulawesi Utara 
-8.195452,119.076675,2015-06-10,02:34:00,58,terra,Wera , Bima , Nusa Tenggara Barat 
-8.175347,113.363426,2015-06-10,02:34:00,61,terra,Rowokangkung , Lumajang , Jawa Timur 
-8.11568,112.926163,2015-06-10,14:54:00,57,terra,Pronojiwo , Lumajang , Jawa Timur 
1.335835,102.445648,2015-06-11,03:17:00,21,terra,Bengkalis , Bengkalis , Riau 
0.280186,109.075974,2015-06-11,03:17:00,33,terra,Bengkalis , Bengkalis , Riau 
0.996138,102.175278,2015-06-11,03:17:00,27,terra,Bengkalis , Bengkalis , Riau 
0.421947,102.973602,2015-06-11,03:17:00,45,terra,Bengkalis , Bengkalis , Riau 
-1.936631,104.138908,2015-06-11,03:17:00,48,terra,Banyunglincir , Musi Banyuasin , Sumatera Selatan 
-2.36019,104.938766,2015-06-11,03:17:00,94,terra,Banyunglincir , Musi Banyuasin , Sumatera Selatan 
-3.426634,104.613144,2015-06-11,03:17:00,58,terra,Tanjung Batu , Ogan Ilir , Sumatera Selatan 
-6.895845,107.498459,2015-06-11,03:17:00,42,terra,Batujajar , Bandung Barat , Jawa Barat 
-6.956768,107.79261,2015-06-11,03:17:00,54,terra,Cikeruh , Sumedang , Jawa Barat 
-7.008479,107.743095,2015-06-11,03:17:00,57,terra,Cikeruh , Sumedang , Jawa Barat 
-7.052575,107.751564,2015-06-11,03:17:00,50,terra,Cikeruh , Sumedang , Jawa Barat 
0.526768,123.059624,2015-06-12,02:21:00,39,terra,Kota Selatan , Kota Gorontalo , Gorontalo 
-2.571591,121.384781,2015-06-12,02:21:00,88,terra,Nuha , Luwu Timur , Sulawesi Selatan 
-2.580703,121.383553,2015-06-12,02:21:00,91,terra,Nuha , Luwu Timur , Sulawesi Selatan 
-8.113351,112.927162,2015-06-12,02:21:00,54,terra,Pronojiwo , Lumajang , Jawa Timur 
-1,136.242203,2015-06-13,01:28:00,28,terra,Pronojiwo , Lumajang , Jawa Timur 
-7.565548,112.613739,2015-06-13,03:05:00,40,terra,Ngoro , Mojokerto , Jawa Timur 
-2.571655,121.378891,2015-06-14,02:09:00,59,terra,Nuha , Luwu Timur , Sulawesi Selatan 
-2.581023,121.377487,2015-06-14,02:09:00,95,terra,Nuha , Luwu Timur , Sulawesi Selatan 
-2.582466,121.387138,2015-06-14,02:09:00,41,terra,Nuha , Luwu Timur , Sulawesi Selatan 
-8.196999,119.068558,2015-06-14,02:09:00,58,terra,Wera , Bima , Nusa Tenggara Barat 
-9.369707,119.90377,2015-06-14,02:09:00,69,terra,Wera , Bima , Nusa Tenggara Barat 
-10.073178,123.853127,2015-06-14,02:09:00,46,terra,Kupang Timur , Kab. Kupang , Nusa Tenggara Timur 
-10.291588,123.386093,2015-06-14,02:09:00,63,terra,Semau Selatan , Kab. Kupang , Nusa Tenggara Timur 
-10.297135,123.379341,2015-06-14,02:09:00,57,terra,Semau Selatan , Kab. Kupang , Nusa Tenggara Timur 
-3,104.683975,2015-06-14,03:51:00,68,terra,Ilir Barat Ii , Kota Palembang , Sumatera Selatan 
-3.914655,104.701843,2015-06-14,03:51:00,82,terra,Cempaka , Ogan Komering Ulu Timur , Sumatera Selatan 
-3.917462,104.721558,2015-06-14,03:51:00,65,terra,Cempaka , Ogan Komering Ulu Timur , Sumatera Selatan 
-3.913172,104.696487,2015-06-14,03:51:00,70,terra,Semendawai Sk I , Ogan Komering Ulu Timur , Sumatera Selatan 
-3.915827,104.716217,2015-06-14,03:51:00,73,terra,Cempaka , Ogan Komering Ulu Timur , Sumatera Selatan 
-2.577727,121.374611,2015-06-15,02:52:00,64,terra,Nuha , Luwu Timur , Sulawesi Selatan 
-4.467949,105.411682,2015-06-15,02:52:00,68,terra,Nuha , Luwu Timur , Sulawesi Selatan 
-7.394518,112.749191,2015-06-15,02:52:00,31,terra,Gedangan , Sidoarjo , Jawa Timur 
-7.566463,112.61026,2015-06-15,02:52:00,58,terra,Ngoro , Mojokerto , Jawa Timur 
-8.414857,117.948456,2015-06-15,02:52:00,53,terra,Ngoro , Mojokerto , Jawa Timur 
-7.76921,112.740929,2015-06-15,02:52:00,60,terra,Purwosari , Pasuruan , Jawa Timur 
-8.116561,114.06073,2015-06-15,02:52:00,64,terra,Tlogosari , Bondowoso , Jawa Timur 
-8.195378,113.460579,2015-06-15,02:52:00,80,terra,Tanggul , Jember , Jawa Timur 
-8.196826,113.470741,2015-06-15,02:52:00,73,terra,Tanggul , Jember , Jawa Timur 
-8,119.045113,2015-06-16,01:59:00,30,terra,Tanggul , Jember , Jawa Timur 
-10.575793,123.249504,2015-06-16,01:59:00,44,terra,                                         , Kab. Rote Ndao , Nusa Tenggara Timur 
-2.067012,101.397865,2015-06-16,03:37:00,45,terra,Sungai Penuh , Kota Sungai Penuh , Jambi 
-3.34516,104.021591,2015-06-16,03:37:00,79,terra,Talang Ubi , Penukal Abab Lematang Ilir , Sumatera Selatan 
-3.346676,104.032066,2015-06-16,03:37:00,84,terra,Rambang Dangku , Muara Enim , Sumatera Selatan 
-3.409601,103.13327,2015-06-16,03:37:00,56,terra,Jayaloka , Musi Rawas , Sumatera Selatan 
-4.054164,103.700844,2015-06-16,03:37:00,40,terra,Tanjung Agung , Muara Enim , Sumatera Selatan 
-4.260715,104.782631,2015-06-16,03:37:00,72,terra,Pakuan Ratu , Way Kanan , Lampung 
-4.501141,104.885025,2015-06-16,03:37:00,73,terra,Negeri Besar , Way Kanan , Lampung 
-4.729015,105.347771,2015-06-16,03:37:00,40,terra,Seputih Mataram , Lampung Tengah , Lampung 
-7,114.401497,2015-06-17,15:00:00,59,terra,Seputih Mataram , Lampung Tengah , Lampung 
-9,124.601746,2015-06-18,01:46:00,71,terra,Seputih Mataram , Lampung Tengah , Lampung 
-9.409559,119.821304,2015-06-18,01:46:00,59,terra,Seputih Mataram , Lampung Tengah , Lampung 
-9.409262,119.815231,2015-06-18,01:46:00,62,terra,Seputih Mataram , Lampung Tengah , Lampung 
0.912626,108.990234,2015-06-18,03:24:00,30,terra,Singkawang Tengah , Kota Singkawang , Kalimantan Barat 
0.505693,103.017159,2015-06-18,03:24:00,60,terra,Singkawang Tengah , Kota Singkawang , Kalimantan Barat 
-2.971573,103.914482,2015-06-18,03:24:00,64,terra,Sekayu , Musi Banyuasin , Sumatera Selatan 
-2.972914,103.923523,2015-06-18,03:24:00,63,terra,Sekayu , Musi Banyuasin , Sumatera Selatan 
-3.420831,105.082878,2015-06-18,03:24:00,56,terra,Pedamaran , Ogan Komering Ilir , Sumatera Selatan 
-4.281455,104.797096,2015-06-18,03:24:00,63,terra,Pakuan Ratu , Way Kanan , Lampung 
-4.440742,105.509491,2015-06-18,03:24:00,67,terra,Pakuan Ratu , Way Kanan , Lampung 
-4.721334,105.347778,2015-06-18,03:24:00,50,terra,Nunyai , Lampung Tengah , Lampung 
-4.669104,104.927948,2015-06-18,03:24:00,65,terra,Bunga Mayang , Lampung Utara , Lampung 
-4.670427,104.936958,2015-06-18,03:24:00,67,terra,Bunga Mayang , Lampung Utara , Lampung 
-4.948223,105.577705,2015-06-18,03:24:00,79,terra,Sukadana , Lampung Timur , Lampung 
-4.949586,105.587074,2015-06-18,03:24:00,67,terra,Sukadana , Lampung Timur , Lampung 
-6.220495,106.471901,2015-06-18,03:24:00,37,terra,Tigaraksa , Tangerang , Banten 
-6.866091,107.497498,2015-06-18,03:24:00,37,terra,Padalarang , Bandung Barat , Jawa Barat 
-6.963062,107.806442,2015-06-18,03:24:00,40,terra,Cimanggung , Sumedang , Jawa Barat 
-8.412378,117.945984,2015-06-19,02:28:00,49,terra,Cimanggung , Sumedang , Jawa Barat 
-8.413702,117.955048,2015-06-19,02:28:00,59,terra,Cimanggung , Sumedang , Jawa Barat 
-8.118906,114.062996,2015-06-19,02:28:00,68,terra,Tlogosari , Bondowoso , Jawa Timur 
0.963809,109.269112,2015-06-20,03:11:00,62,terra,Sungai Betung , Bengkayang , Kalimantan Barat 
1.340349,102.439873,2015-06-20,03:11:00,35,terra,Bengkalis , Bengkalis , Riau 
0.23647,102.380379,2015-06-20,03:11:00,29,terra,Kuala Kampar , Pelalawan , Riau 
-0.326102,103.157799,2015-06-20,03:11:00,52,terra,Kuala Kampar , Pelalawan , Riau 
-2.281774,111.47065,2015-06-20,03:11:00,51,terra,Sematu Jaya , Lamandau , Kalimantan Tengah 
-2.760098,105.61367,2015-06-20,03:11:00,36,terra,Sematu Jaya , Lamandau , Kalimantan Tengah 
-2.78167,105.532013,2015-06-20,03:11:00,50,terra,Sematu Jaya , Lamandau , Kalimantan Tengah 
-2.78785,105.572655,2015-06-20,03:11:00,51,terra,Sematu Jaya , Lamandau , Kalimantan Tengah 
-4.494673,104.962013,2015-06-20,03:11:00,89,terra,Tulang Bawang Udik , Tulang Bawang Barat , Lampung 
-4.652146,104.851173,2015-06-20,03:11:00,66,terra,Sungkai Selatan , Lampung Utara , Lampung 
-6.98523,107.07869,2015-06-20,03:11:00,75,terra,Campaka , Cianjur , Jawa Barat 
-6.986549,107.087692,2015-06-20,03:11:00,86,terra,Sukasari , Purwakarta , Jawa Barat 
1,125.186432,2015-06-21,02:15:00,24,terra,Sukasari , Purwakarta , Jawa Barat 
1.445521,125.197044,2015-06-21,02:15:00,26,terra,Sukasari , Purwakarta , Jawa Barat 
-8.201408,119.070244,2015-06-21,02:15:00,63,terra,Wera , Bima , Nusa Tenggara Barat 
-8.20274,119.079048,2015-06-21,02:15:00,40,terra,Wera , Bima , Nusa Tenggara Barat 
-8.119962,114.044876,2015-06-21,02:15:00,77,terra,Tlogosari , Bondowoso , Jawa Timur 
-8.12313,114.064552,2015-06-21,02:15:00,88,terra,Songgon , Banyuwangi , Jawa Timur 
-8.121658,114.059242,2015-06-21,02:15:00,89,terra,Tlogosari , Bondowoso , Jawa Timur 
-0.365159,110.056816,2015-06-22,02:59:00,66,terra,Toba , Sanggau , Kalimantan Barat 
0.084312,102.801056,2015-06-22,02:59:00,15,terra,Toba , Sanggau , Kalimantan Barat 
-0.156264,102.87487,2015-06-22,02:59:00,25,terra,Gaunganakserka , Indragiri Hilir , Riau 
-4.918446,105.615921,2015-06-22,02:59:00,74,terra,Gaunganakserka , Indragiri Hilir , Riau 
-4.945754,105.642136,2015-06-22,02:59:00,24,terra,Sukadana , Lampung Timur , Lampung 
-4.97067,105.577599,2015-06-22,02:59:00,59,terra,Sukadana , Lampung Timur , Lampung 
-4.97978,105.560905,2015-06-22,02:59:00,48,terra,Sukadana , Lampung Timur , Lampung 
-4.982054,105.575912,2015-06-22,02:59:00,69,terra,Sukadana , Lampung Timur , Lampung 
-7.197255,112.639229,2015-06-22,02:59:00,19,terra,Benowo , Kota Surabaya , Jawa Timur 
-6.93235,110.549309,2015-06-22,02:59:00,12,terra,Karang Tengah , Demak , Jawa Tengah 
-7.006164,110.360428,2015-06-22,02:59:00,47,terra,Ngaliyan , Kota Semarang , Jawa Tengah 
-7.560412,112.608047,2015-06-22,02:59:00,40,terra,Ngoro , Mojokerto , Jawa Timur 
-7.048536,107.745186,2015-06-22,02:59:00,32,terra,Ngoro , Mojokerto , Jawa Timur 
-7.50751,110.82959,2015-06-22,02:59:00,66,terra,Gondangrejo , Karanganyar , Jawa Tengah 
-8.116691,114.045395,2015-06-22,02:59:00,88,terra,Tlogosari , Bondowoso , Jawa Timur 
-8.118589,114.059334,2015-06-22,02:59:00,100,terra,Tlogosari , Bondowoso , Jawa Timur 
-8,119.074112,2015-06-23,02:03:00,54,terra,Tlogosari , Bondowoso , Jawa Timur 
-8.186381,117.999741,2015-06-23,02:03:00,81,terra,Tambora , Bima , Nusa Tenggara Barat 
-8.198753,117.999908,2015-06-23,02:03:00,88,terra,Tambora , Bima , Nusa Tenggara Barat 
-8.19075,117.993828,2015-06-23,02:03:00,87,terra,Tambora , Bima , Nusa Tenggara Barat 
-8.193284,118.009186,2015-06-23,02:03:00,84,terra,Tambora , Bima , Nusa Tenggara Barat 
-8.113243,114.066193,2015-06-23,02:03:00,74,terra,Tlogosari , Bondowoso , Jawa Timur 
-8.119126,114.058678,2015-06-23,02:03:00,83,terra,Tlogosari , Bondowoso , Jawa Timur 
-9.385306,119.330154,2015-06-23,02:03:00,73,terra,                                         , Kab. Sumba Barat Daya , Nusa Tenggara Timur 
-9.387371,119.343239,2015-06-23,02:03:00,67,terra,                                         , Kab. Sumba Barat Daya , Nusa Tenggara Timur 
-9.816586,120.513023,2015-06-23,02:03:00,50,terra,                                         , Kab. Sumba Barat Daya , Nusa Tenggara Timur 
-10.586583,123.33419,2015-06-23,02:03:00,41,terra,                                         , Kab. Sumba Barat Daya , Nusa Tenggara Timur 
-10.653057,123.287346,2015-06-23,02:03:00,63,terra,                                         , Kab. Rote Ndao , Nusa Tenggara Timur 
1.279818,102.050613,2015-06-23,03:45:00,66,terra,                                         , Kab. Rote Ndao , Nusa Tenggara Timur 
1.313201,99.955574,2015-06-23,03:45:00,79,terra,Huristak , Padang Lawas , Sumatera Utara 
0.689133,102.73838,2015-06-23,03:45:00,54,terra,Huristak , Padang Lawas , Sumatera Utara 
0.534854,101.979332,2015-06-23,03:45:00,42,terra,Bunut , Pelalawan , Riau 
0.050644,101.080032,2015-06-23,03:45:00,51,terra,Kampar Kiri , Kampar , Riau 
-0.245923,102.900841,2015-06-23,03:45:00,30,terra,Gaunganakserka , Indragiri Hilir , Riau 
-0.164734,101.53968,2015-06-23,03:45:00,60,terra,Kuatan Hilir , Kuantan Singingi , Riau 
-0.172434,101.529312,2015-06-23,03:45:00,86,terra,Kuatan Hilir , Kuantan Singingi , Riau 
-0.173787,101.538406,2015-06-23,03:45:00,43,terra,Kuatan Hilir , Kuantan Singingi , Riau 
-0.181565,101.530769,2015-06-23,03:45:00,51,terra,Kuatan Hilir , Kuantan Singingi , Riau 
-0.182897,101.539848,2015-06-23,03:45:00,66,terra,Kuatan Hilir , Kuantan Singingi , Riau 
-0.353279,102.707932,2015-06-23,03:45:00,37,terra,Tempuling , Indragiri Hilir , Riau 
-1.294193,103.62989,2015-06-23,03:45:00,49,terra,Muara Sabak , Tanjung Jabung Timur , Jambi 
-1.349831,100.580643,2015-06-23,03:45:00,37,terra,Muara Sabak , Tanjung Jabung Timur , Jambi 
-2.066051,104.247322,2015-06-23,03:45:00,63,terra,Muara Telang , Banyuasin , Sumatera Selatan 
-1.825615,102.440689,2015-06-23,03:45:00,71,terra,Rantau Panjang , Merangin , Jambi 
-2.037753,103.056969,2015-06-23,03:45:00,68,terra,Pauh , Sarolangun , Jambi 
-2.781124,105.541199,2015-06-23,03:45:00,27,terra,Pauh , Sarolangun , Jambi 
-2.333115,101.066063,2015-06-23,03:45:00,50,terra,Pancung Soal , Pesisir Selatan , Sumatera Barat 
-3.004815,105.440392,2015-06-23,03:45:00,48,terra,Tulung Selapan , Ogan Komering Ilir , Sumatera Selatan 
-2.829566,103.231865,2015-06-23,03:45:00,46,terra,Muara Lakitan , Musi Rawas , Sumatera Selatan 
-3.240331,102.40699,2015-06-23,03:45:00,44,terra,Lebong Setan , Lebong , Bengkulu 
-4.373917,104.18557,2015-06-23,03:45:00,31,terra,Sosoh Buay Rayap , Ogan Komering Ulu , Sumatera Selatan 
-4.375892,104.199593,2015-06-23,03:45:00,54,terra,Martapura , Ogan Komering Ulu Timur , Sumatera Selatan 
-4.86026,103.652695,2015-06-23,03:45:00,51,terra,Nasal , Kaur , Bengkulu 
-1.974611,113.974785,2015-06-24,02:47:00,42,terra,Nasal , Kaur , Bengkulu 
-7.394494,112.750504,2015-06-24,02:47:00,54,terra,Gedangan , Sidoarjo , Jawa Timur 
-7.504332,111.640732,2015-06-24,02:47:00,54,terra,Pilangkenceng , Madiun , Jawa Timur 
-7.769852,112.73526,2015-06-24,02:47:00,42,terra,Purwosari , Pasuruan , Jawa Timur 
-8.118626,114.051003,2015-06-24,02:47:00,100,terra,Tlogosari , Bondowoso , Jawa Timur 
-8.119963,114.060333,2015-06-24,02:47:00,100,terra,Tlogosari , Bondowoso , Jawa Timur 
-8.127707,114.049507,2015-06-24,02:47:00,53,terra,Tlogosari , Bondowoso , Jawa Timur 
-8.12906,114.05896,2015-06-24,02:47:00,54,terra,Songgon , Banyuwangi , Jawa Timur 
-8.245701,113.340561,2015-06-24,02:47:00,56,terra,Songgon , Banyuwangi , Jawa Timur 
-8.247029,113.349625,2015-06-24,02:47:00,65,terra,Songgon , Banyuwangi , Jawa Timur 
-8.121023,114.057274,2015-06-24,15:06:00,100,terra,Tlogosari , Bondowoso , Jawa Timur 
-8.122811,114.045525,2015-06-24,15:06:00,100,terra,Tlogosari , Bondowoso , Jawa Timur 
-8.111006,114.055603,2015-06-24,15:06:00,100,terra,Tlogosari , Bondowoso , Jawa Timur 
-8.112735,114.044281,2015-06-24,15:06:00,72,terra,Tlogosari , Bondowoso , Jawa Timur 
-0.059677,101.570999,2015-06-24,15:06:00,62,terra,Langgam , Pelalawan , Riau 
-0.063168,101.546463,2015-06-24,15:06:00,85,terra,Langgam , Pelalawan , Riau 
-0.056371,101.563828,2015-06-24,15:06:00,87,terra,Langgam , Pelalawan , Riau 
-0.060015,101.539452,2015-06-24,15:06:00,50,terra,Langgam , Pelalawan , Riau 
1.60855,101.211212,2015-06-24,15:06:00,40,terra,Tanah Putih , Rokan Hilir , Riau 
3.16741,98.366898,2015-06-24,15:06:00,54,terra,Tanah Putih , Rokan Hilir , Riau 
3.169585,98.360832,2015-06-24,15:06:00,42,terra,Tanah Putih , Rokan Hilir , Riau 
1.758837,109.430679,2015-06-25,03:31:00,73,terra,Tanah Putih , Rokan Hilir , Riau 
1.752603,109.423798,2015-06-25,03:31:00,61,terra,Tanah Putih , Rokan Hilir , Riau 
1.750238,109.439926,2015-06-25,03:31:00,37,terra,Tanah Putih , Rokan Hilir , Riau 
3.167143,98.386307,2015-06-25,03:31:00,92,terra,Tanah Putih , Rokan Hilir , Riau 
3.164903,98.401962,2015-06-25,03:31:00,91,terra,Tanah Putih , Rokan Hilir , Riau 
3.162799,98.416679,2015-06-25,03:31:00,82,terra,Tanah Putih , Rokan Hilir , Riau 
1.960711,100.593483,2015-06-25,03:31:00,79,terra,Bagan Sinembah , Rokan Hilir , Riau 
1.736135,101.281403,2015-06-25,03:31:00,71,terra,Dumai Barat , Kota Dumai , Riau 
1.345295,102.251984,2015-06-25,03:31:00,46,terra,Dumai Barat , Kota Dumai , Riau 
0.71991,104.234879,2015-06-25,03:31:00,42,terra,Dumai Barat , Kota Dumai , Riau 
1.315137,99.944206,2015-06-25,03:31:00,91,terra,Huristak , Padang Lawas , Sumatera Utara 
0.989632,102.166542,2015-06-25,03:31:00,57,terra,Huristak , Padang Lawas , Sumatera Utara 
1.312013,99.937851,2015-06-25,03:31:00,86,terra,Huristak , Padang Lawas , Sumatera Utara 
1.31007,99.950897,2015-06-25,03:31:00,80,terra,Huristak , Padang Lawas , Sumatera Utara 
1.291617,100.00148,2015-06-25,03:31:00,45,terra,Huristak , Padang Lawas , Sumatera Utara 
0.775436,101.620461,2015-06-25,03:31:00,63,terra,Siak , Siak , Riau 
0.745855,101.688789,2015-06-25,03:31:00,64,terra,Siak Sri Indrapura , Siak , Riau 
0.502986,103.021263,2015-06-25,03:31:00,64,terra,Siak Sri Indrapura , Siak , Riau 
0.411033,102.958557,2015-06-25,03:31:00,67,terra,Siak Sri Indrapura , Siak , Riau 
0.409685,102.967628,2015-06-25,03:31:00,64,terra,Siak Sri Indrapura , Siak , Riau 
0.309994,103.330223,2015-06-25,03:31:00,37,terra,Mandah , Indragiri Hilir , Riau 
0.103909,103.41597,2015-06-25,03:31:00,61,terra,Mandah , Indragiri Hilir , Riau 
0.086802,103.531769,2015-06-25,03:31:00,65,terra,Enok , Indragiri Hilir , Riau 
0.085487,103.540672,2015-06-25,03:31:00,66,terra,Enok , Indragiri Hilir , Riau 
0.161416,102.901176,2015-06-25,03:31:00,42,terra,Enok , Indragiri Hilir , Riau 
0.171145,102.398293,2015-06-25,03:31:00,38,terra,Kuala Kampar , Pelalawan , Riau 
0.169764,102.407654,2015-06-25,03:31:00,58,terra,Kuala Kampar , Pelalawan , Riau 
0.12236,102.665909,2015-06-25,03:31:00,30,terra,Kuala Kampar , Pelalawan , Riau 
0.121007,102.675095,2015-06-25,03:31:00,65,terra,Kuala Kampar , Pelalawan , Riau 
0.119654,102.684273,2015-06-25,03:31:00,37,terra,Kuala Kampar , Pelalawan , Riau 
-0.100621,102.928627,2015-06-25,03:31:00,55,terra,Gaunganakserka , Indragiri Hilir , Riau 
-0.152742,102.412796,2015-06-25,03:31:00,51,terra,Kuala Kampar , Pelalawan , Riau 
-0.160505,102.402191,2015-06-25,03:31:00,26,terra,Kuala Kampar , Pelalawan , Riau 
-0.188264,101.907288,2015-06-25,03:31:00,78,terra,Pangkalan Kuras , Pelalawan , Riau 
-0.579678,102.804207,2015-06-25,03:31:00,44,terra,Tempuling , Indragiri Hilir , Riau 
-0.846843,102.928551,2015-06-25,03:31:00,56,terra,Keritang , Indragiri Hilir , Riau 
-0.928499,102.233109,2015-06-25,03:31:00,72,terra,Seberida , Indragiri Hulu , Riau 
-0.929873,102.242439,2015-06-25,03:31:00,60,terra,Seberida , Indragiri Hulu , Riau 
-1.700904,105.856346,2015-06-25,03:31:00,68,terra,Seberida , Indragiri Hulu , Riau 
-1.719263,105.982674,2015-06-25,03:31:00,66,terra,Seberida , Indragiri Hulu , Riau 
-1.782018,105.515076,2015-06-25,03:31:00,47,terra,Seberida , Indragiri Hulu , Riau 
-2.607128,110.428352,2015-06-25,03:31:00,27,terra,Kendawangan , Ketapang , Kalimantan Barat 
-2.59908,110.424255,2015-06-25,03:31:00,64,terra,Kendawangan , Ketapang , Kalimantan Barat 
-1.900865,105.333031,2015-06-25,03:31:00,69,terra,Kendawangan , Ketapang , Kalimantan Barat 
-1.878243,103.359322,2015-06-25,03:31:00,63,terra,Bajubang , Batanghari , Jambi 
-2.930193,104.687477,2015-06-25,03:31:00,60,terra,Sukarami , Kota Palembang , Sumatera Selatan 
-2.854367,103.421471,2015-06-25,03:31:00,68,terra,Muara Lakitan , Musi Rawas , Sumatera Selatan 
-3.25175,105.837692,2015-06-25,03:31:00,32,terra,Tulung Selapan , Ogan Komering Ilir , Sumatera Selatan 
-3.774786,105.788918,2015-06-25,03:31:00,49,terra,Cengal , Ogan Komering Ilir , Sumatera Selatan 
-4.368892,104.888672,2015-06-25,03:31:00,48,terra,Negara Batin , Way Kanan , Lampung 
-2,103.467628,2015-06-25,15:51:00,17,terra,Bahar Selatan , Muaro Jambi , Jambi 
-1.307187,104.04882,2015-06-25,15:51:00,62,terra,Kumpeh , Muaro Jambi , Jambi 
-1.062363,102.330948,2015-06-25,15:51:00,37,terra,Tebo Ilir , Tebo , Jambi 
-0.950743,102.24482,2015-06-25,15:51:00,44,terra,Tebo Ilir , Tebo , Jambi 
-0.885025,101.704468,2015-06-25,15:51:00,100,terra,Pulau Punjung , Dharmasraya , Sumatera Barat 
-0.886722,101.692947,2015-06-25,15:51:00,68,terra,Pulau Punjung , Dharmasraya , Sumatera Barat 
-0.886752,101.698837,2015-06-25,15:51:00,100,terra,Pulau Punjung , Dharmasraya , Sumatera Barat 
-0.778756,101.801735,2015-06-25,15:51:00,35,terra,Kuatan Mudik , Kuantan Singingi , Riau 
-0.780483,101.790016,2015-06-25,15:51:00,38,terra,Kuatan Mudik , Kuantan Singingi , Riau 
-0.781239,101.795753,2015-06-25,15:51:00,14,terra,Kuatan Mudik , Kuantan Singingi , Riau 
-0.767751,101.81765,2015-06-25,15:51:00,100,terra,Kuatan Mudik , Kuantan Singingi , Riau 
-0.769418,101.805862,2015-06-25,15:51:00,100,terra,Kuatan Mudik , Kuantan Singingi , Riau 
-0.735399,101.753242,2015-06-25,15:51:00,100,terra,Kuatan Mudik , Kuantan Singingi , Riau 
1.313084,99.939941,2015-06-25,15:51:00,3,terra,Huristak , Padang Lawas , Sumatera Utara 
1.321051,99.928764,2015-06-25,15:51:00,86,terra,Huristak , Padang Lawas , Sumatera Utara 
1.598426,101.222122,2015-06-25,15:51:00,8,terra,Tanah Putih , Rokan Hilir , Riau 
1.608561,101.220695,2015-06-25,15:51:00,25,terra,Tanah Putih , Rokan Hilir , Riau 
1.618693,101.219254,2015-06-25,15:51:00,66,terra,Tanah Putih , Rokan Hilir , Riau 
1.616618,101.213669,2015-06-25,15:51:00,86,terra,Tanah Putih , Rokan Hilir , Riau 
1.733522,101.598534,2015-06-25,15:51:00,42,terra,Rupat , Bengkalis , Riau 
1.739243,101.285164,2015-06-25,15:51:00,38,terra,Dumai Barat , Kota Dumai , Riau 
1.732341,100.733528,2015-06-25,15:51:00,94,terra,Bangko , Rokan Hilir , Riau 
1.734528,100.738365,2015-06-25,15:51:00,76,terra,Bangko , Rokan Hilir , Riau 
1.733021,100.727493,2015-06-25,15:51:00,73,terra,Bangko , Rokan Hilir , Riau 
2.074346,100.907936,2015-06-25,15:51:00,62,terra,Bangko , Rokan Hilir , Riau 
2.072766,100.896721,2015-06-25,15:51:00,39,terra,Bangko , Rokan Hilir , Riau 
2.163629,100.448761,2015-06-25,15:51:00,36,terra,Bagan Sinembah , Rokan Hilir , Riau 
4.408542,95.904579,2015-06-25,15:51:00,76,terra,Teunom , Aceh Jaya , Aceh 
0.583414,117.485161,2015-06-26,02:34:00,55,terra,Teunom , Aceh Jaya , Aceh 
-3.116642,115.096245,2015-06-26,02:34:00,61,terra,Binuang , Tapin , Kalimantan Selatan 
-8.198815,119.073936,2015-06-26,02:34:00,77,terra,Wera , Bima , Nusa Tenggara Barat 
-6.944164,108.751373,2015-06-26,02:34:00,73,terra,Pasaleman , Cirebon , Jawa Barat 
-8.117128,114.046082,2015-06-26,02:34:00,93,terra,Tlogosari , Bondowoso , Jawa Timur 
-8.118588,114.055717,2015-06-26,02:34:00,100,terra,Tlogosari , Bondowoso , Jawa Timur 
-8.127946,114.054657,2015-06-26,02:34:00,89,terra,Tlogosari , Bondowoso , Jawa Timur 
-8.110629,112.926857,2015-06-26,02:34:00,32,terra,Pronojiwo , Lumajang , Jawa Timur 
-8.183649,113.335686,2015-06-26,02:34:00,29,terra,Rowokangkung , Lumajang , Jawa Timur 
-8.188518,113.367477,2015-06-26,02:34:00,69,terra,Jombang , Jember , Jawa Timur 
-9.805586,119.815514,2015-06-26,02:34:00,44,terra,Jombang , Jember , Jawa Timur 
-2,121.38678,2015-06-27,01:40:00,43,terra,Jombang , Jember , Jawa Timur 
-2.575485,121.383995,2015-06-27,01:40:00,57,terra,Nuha , Luwu Timur , Sulawesi Selatan 
1.917815,109.416534,2015-06-27,03:18:00,68,terra,Paloh , Sambas , Kalimantan Barat 
1.91262,109.419685,2015-06-27,03:18:00,79,terra,Paloh , Sambas , Kalimantan Barat 
1.923544,100.389908,2015-06-27,03:18:00,60,terra,Bagan Sinembah , Rokan Hilir , Riau 
1.730758,100.730133,2015-06-27,03:18:00,51,terra,Bangko , Rokan Hilir , Riau 
1.336262,102.445717,2015-06-27,03:18:00,30,terra,Bengkalis , Bengkalis , Riau 
1.103013,101.696732,2015-06-27,03:18:00,75,terra,Siak , Siak , Riau 
0.729845,102.119827,2015-06-27,03:18:00,40,terra,Siak Sri Indrapura , Siak , Riau 
0.571946,102.976463,2015-06-27,03:18:00,59,terra,Siak Sri Indrapura , Siak , Riau 
1.016133,98.992538,2015-06-27,03:18:00,21,terra,Muara Batang Gadis , Mandailing Natal , Sumatera Utara 
0.342153,102.88546,2015-06-27,03:18:00,29,terra,Muara Batang Gadis , Mandailing Natal , Sumatera Utara 
0.433961,102.180283,2015-06-27,03:18:00,47,terra,Bunut , Pelalawan , Riau 
0.186245,102.770332,2015-06-27,03:18:00,43,terra,Bunut , Pelalawan , Riau 
0.17159,102.401314,2015-06-27,03:18:00,54,terra,Kuala Kampar , Pelalawan , Riau 
0.169498,102.415298,2015-06-27,03:18:00,52,terra,Kuala Kampar , Pelalawan , Riau 
0.119885,102.672981,2015-06-27,03:18:00,63,terra,Kuala Kampar , Pelalawan , Riau 
0.117905,102.686295,2015-06-27,03:18:00,42,terra,Kuala Kampar , Pelalawan , Riau 
0.009952,102.719185,2015-06-27,03:18:00,39,terra,Gaunganakserka , Indragiri Hilir , Riau 
-0.299816,104.453407,2015-06-27,03:18:00,54,terra,Gaunganakserka , Indragiri Hilir , Riau 
-0.320044,103.15715,2015-06-27,03:18:00,56,terra,Gaunganakserka , Indragiri Hilir , Riau 
-0.091371,101.543709,2015-06-27,03:18:00,73,terra,Langgam , Pelalawan , Riau 
-0.117186,101.717873,2015-06-27,03:18:00,61,terra,Pangkalan Kuras , Pelalawan , Riau 
-0.404176,102.027496,2015-06-27,03:18:00,48,terra,Pasir Penyu , Indragiri Hulu , Riau 
-0.942667,102.251701,2015-06-27,03:18:00,28,terra,Tebo Ilir , Tebo , Jambi 
-0.951629,102.236359,2015-06-27,03:18:00,87,terra,Tebo Ilir , Tebo , Jambi 
-0.953655,102.250092,2015-06-27,03:18:00,95,terra,Tebo Ilir , Tebo , Jambi 
-0.992013,102.266541,2015-06-27,03:18:00,57,terra,Tebo Ilir , Tebo , Jambi 
-1.002974,102.264923,2015-06-27,03:18:00,36,terra,Tebo Ilir , Tebo , Jambi 
-1.202643,103.313629,2015-06-27,03:18:00,61,terra,Tungkalilir , Tanjung Jabung Barat , Jambi 
-1.311397,104.0495,2015-06-27,03:18:00,72,terra,Kumpeh , Muaro Jambi , Jambi 
-1.312942,104.059944,2015-06-27,03:18:00,60,terra,Kumpeh , Muaro Jambi , Jambi 
-1.325185,103.724854,2015-06-27,03:18:00,79,terra,Muara Sabak , Tanjung Jabung Timur , Jambi 
-1.335043,103.72348,2015-06-27,03:18:00,95,terra,Muara Sabak , Tanjung Jabung Timur , Jambi 
-1.336669,103.734383,2015-06-27,03:18:00,100,terra,Muara Sabak , Tanjung Jabung Timur , Jambi 
-1.351344,103.765488,2015-06-27,03:18:00,35,terra,Taman Rajo , Muaro Jambi , Jambi 
-1.620604,105.45504,2015-06-27,03:18:00,67,terra,Taman Rajo , Muaro Jambi , Jambi 
-1.764331,104.132462,2015-06-27,03:18:00,57,terra,Kumpeh , Muaro Jambi , Jambi 
-1.837287,104.199287,2015-06-27,03:18:00,60,terra,Muara Telang , Banyuasin , Sumatera Selatan 
-1.837079,103.936249,2015-06-27,03:18:00,42,terra,Banyunglincir , Musi Banyuasin , Sumatera Selatan 
-1.838636,103.946716,2015-06-27,03:18:00,76,terra,Banyunglincir , Musi Banyuasin , Sumatera Selatan 
-2.439273,104.634399,2015-06-27,03:18:00,65,terra,Muara Telang , Banyuasin , Sumatera Selatan 
-2.932698,104.068558,2015-06-27,03:18:00,57,terra,Lais , Musi Banyuasin , Sumatera Selatan 
-3.021021,104.171417,2015-06-27,03:18:00,49,terra,Rantau Banyur , Banyuasin , Sumatera Selatan 
-3.271691,105.778801,2015-06-27,03:18:00,69,terra,Tulung Selapan , Ogan Komering Ilir , Sumatera Selatan 
-3.273018,105.787735,2015-06-27,03:18:00,28,terra,Tulung Selapan , Ogan Komering Ilir , Sumatera Selatan 
-3.279648,105.832397,2015-06-27,03:18:00,54,terra,Tulung Selapan , Ogan Komering Ilir , Sumatera Selatan 
-3.280972,105.841324,2015-06-27,03:18:00,53,terra,Tulung Selapan , Ogan Komering Ilir , Sumatera Selatan 
-3.415661,105.633286,2015-06-27,03:18:00,49,terra,Cengal , Ogan Komering Ilir , Sumatera Selatan 
-3.416986,105.64225,2015-06-27,03:18:00,69,terra,Cengal , Ogan Komering Ilir , Sumatera Selatan 
-3.309638,104.611649,2015-06-27,03:18:00,92,terra,Tanjung Batu , Ogan Ilir , Sumatera Selatan 
-3.311053,104.621117,2015-06-27,03:18:00,86,terra,Tanjung Batu , Ogan Ilir , Sumatera Selatan 
-3.311778,104.562851,2015-06-27,03:18:00,69,terra,Tanjung Batu , Ogan Ilir , Sumatera Selatan 
-3.318861,104.610321,2015-06-27,03:18:00,80,terra,Tanjung Batu , Ogan Ilir , Sumatera Selatan 
-3.320272,104.619789,2015-06-27,03:18:00,73,terra,Tanjung Batu , Ogan Ilir , Sumatera Selatan 
-3.355496,104.730209,2015-06-27,03:18:00,70,terra,Pemulutan , Ogan Ilir , Sumatera Selatan 
-3.351308,103.726456,2015-06-27,03:18:00,50,terra,Gunung Megang , Muara Enim , Sumatera Selatan 
-3.46763,102.533249,2015-06-27,03:18:00,51,terra,Curup , Rejang Lebong , Bengkulu 
-4.291474,105.07888,2015-06-27,03:18:00,52,terra,Gunung Agung , Tulang Bawang Barat , Lampung 
-4.389085,104.686516,2015-06-27,03:18:00,79,terra,Pakuan Ratu , Way Kanan , Lampung 
1.992423,117.373329,2015-06-28,02:22:00,24,terra,Pakuan Ratu , Way Kanan , Lampung 
1.990577,117.385849,2015-06-28,02:22:00,25,terra,Pakuan Ratu , Way Kanan , Lampung 
1.040942,120.818008,2015-06-28,02:22:00,50,terra,Pakuan Ratu , Way Kanan , Lampung 
-1.10188,119.671936,2015-06-28,02:22:00,70,terra,Pinembani , Donggala , Sulawesi Tengah 
-1.669816,116.356834,2015-06-28,02:22:00,64,terra,Longikis , Paser , Kalimantan Timur 
-1.905208,113.625412,2015-06-28,02:22:00,46,terra,Longikis , Paser , Kalimantan Timur 
-3.930985,119.801666,2015-06-28,02:22:00,53,terra,Longikis , Paser , Kalimantan Timur 
-8.198526,119.069466,2015-06-28,02:22:00,31,terra,Wera , Bima , Nusa Tenggara Barat 
-8.645514,121.997292,2015-06-28,02:22:00,65,terra,                                         , Kab. Sikka , Nusa Tenggara Timur 
-7.797446,114.402321,2015-06-28,02:22:00,59,terra,                                         , Kab. Sikka , Nusa Tenggara Timur 
-8.111285,114.061172,2015-06-28,02:22:00,67,terra,Tlogosari , Bondowoso , Jawa Timur 
-8.120307,114.044395,2015-06-28,02:22:00,97,terra,Tlogosari , Bondowoso , Jawa Timur 
-8.122671,114.059319,2015-06-28,02:22:00,100,terra,Tlogosari , Bondowoso , Jawa Timur 
-9.771262,119.878922,2015-06-28,02:22:00,63,terra,Tlogosari , Bondowoso , Jawa Timur 
-9.80441,119.858902,2015-06-28,02:22:00,55,terra,Tlogosari , Bondowoso , Jawa Timur 
-9.86473,119.888672,2015-06-28,02:22:00,72,terra,Tlogosari , Bondowoso , Jawa Timur 
-1,133.756561,2015-06-29,01:29:00,77,terra,Prafi , Manokwari , Papua Barat 
-1.943141,134.138306,2015-06-29,01:29:00,75,terra,Prafi , Manokwari , Papua Barat 
-2.838463,133.091919,2015-06-29,01:29:00,80,terra,Kokas , Fak-fak , Papua Barat 
-2.839824,133.101044,2015-06-29,01:29:00,72,terra,Kokas , Fak-fak , Papua Barat 
1.988129,117.381592,2015-06-29,03:05:00,58,terra,Kokas , Fak-fak , Papua Barat 
1.813533,101.155914,2015-06-29,03:05:00,29,terra,Dumai Barat , Kota Dumai , Riau 
1.342519,102.445656,2015-06-29,03:05:00,40,terra,Bengkalis , Bengkalis , Riau 
1.280771,102.022255,2015-06-29,03:05:00,43,terra,Bengkalis , Bengkalis , Riau 
0.975057,103.007072,2015-06-29,03:05:00,61,terra,Tebing Tinggi , Kepulauan Meranti , Riau 
1.314213,99.94342,2015-06-29,03:05:00,52,terra,Huristak , Padang Lawas , Sumatera Utara 
0.998997,102.180519,2015-06-29,03:05:00,60,terra,Huristak , Padang Lawas , Sumatera Utara 
1.313874,99.935539,2015-06-29,03:05:00,56,terra,Huristak , Padang Lawas , Sumatera Utara 
0.949052,101.899857,2015-06-29,03:05:00,61,terra,Siak , Siak , Riau 
0.949985,101.894096,2015-06-29,03:05:00,53,terra,Siak , Siak , Riau 
0.945911,101.921494,2015-06-29,03:05:00,60,terra,Siak Sri Indrapura , Siak , Riau 
0.352322,102.228424,2015-06-29,03:05:00,33,terra,Bunut , Pelalawan , Riau 
0.240864,102.390472,2015-06-29,03:05:00,40,terra,Kuala Kampar , Pelalawan , Riau 
0.237752,102.383064,2015-06-29,03:05:00,58,terra,Kuala Kampar , Pelalawan , Riau 
0.003784,102.722519,2015-06-29,03:05:00,53,terra,Gaunganakserka , Indragiri Hilir , Riau 
-0.152866,102.877373,2015-06-29,03:05:00,49,terra,Gaunganakserka , Indragiri Hilir , Riau 
-0.206319,101.899849,2015-06-29,03:05:00,39,terra,Pangkalan Kuras , Pelalawan , Riau 
-1.719903,110.048073,2015-06-29,03:05:00,79,terra,Muara Pawan , Ketapang , Kalimantan Barat 
-0.938391,102.237282,2015-06-29,03:05:00,81,terra,Tebo Ilir , Tebo , Jambi 
-0.92832,102.23288,2015-06-29,03:05:00,53,terra,Seberida , Indragiri Hulu , Riau 
-0.942451,102.231033,2015-06-29,03:05:00,70,terra,Seberida , Indragiri Hulu , Riau 
-2.199409,110.177925,2015-06-29,03:05:00,32,terra,Matan Hilir Selatan , Ketapang , Kalimantan Barat 
-2.696331,110.549042,2015-06-29,03:05:00,70,terra,Kendawangan , Ketapang , Kalimantan Barat 
-3.053914,105.315666,2015-06-29,03:05:00,29,terra,Pampangan , Ogan Komering Ilir , Sumatera Selatan 
-3.843532,104.775826,2015-06-29,03:05:00,70,terra,Semendawai Sk I , Ogan Komering Ulu Timur , Sumatera Selatan 
-4.436093,105.720299,2015-06-29,03:05:00,78,terra,Gedung Meneng , Tulang Bawang , Lampung 
-4.437848,105.731873,2015-06-29,03:05:00,61,terra,Gedung Meneng , Tulang Bawang , Lampung 
-4.682024,105.312325,2015-06-29,03:05:00,45,terra,Nunyai , Lampung Tengah , Lampung 
-7.009953,110.353882,2015-06-29,03:05:00,56,terra,Ngaliyan , Kota Semarang , Jawa Tengah 
-7.01137,110.36393,2015-06-29,03:05:00,42,terra,Ngaliyan , Kota Semarang , Jawa Tengah 
-6.942896,108.803207,2015-06-29,03:05:00,60,terra,Losari , Brebes , Jawa Tengah 
-6.97819,108.791664,2015-06-29,03:05:00,66,terra,Banjarharjo , Brebes , Jawa Tengah 
-7.053868,107.749054,2015-06-29,03:05:00,22,terra,Banjarharjo , Brebes , Jawa Tengah 
-8.120572,114.050072,2015-06-29,03:05:00,100,terra,Tlogosari , Bondowoso , Jawa Timur 
-8.12326,114.070251,2015-06-29,03:05:00,98,terra,Botolinggo , Bondowoso , Jawa Timur 
-8.339199,114.035881,2015-06-29,03:05:00,36,terra,Botolinggo , Bondowoso , Jawa Timur 
-8.041234,111.810921,2015-06-29,03:05:00,53,terra,Gondang , Tulungagung , Jawa Timur 
1.538075,124.905121,2015-06-30,02:09:00,48,terra,Gondang , Tulungagung , Jawa Timur 
1.042531,120.827095,2015-06-30,02:09:00,53,terra,Gondang , Tulungagung , Jawa Timur 
-3.589934,126.742783,2015-06-30,02:09:00,65,terra,Airbuaya , Kab. Maluku Tengah , Maluku 
-8.390607,120.973206,2015-06-30,02:09:00,50,terra,Airbuaya , Kab. Maluku Tengah , Maluku 
-8.194224,119.07077,2015-06-30,02:09:00,38,terra,Wera , Bima , Nusa Tenggara Barat 
-9.120808,124.791046,2015-06-30,02:09:00,75,terra,Kakuluk Mesak , Kab. Timor Tengah Utara , Nusa Tenggara Timur 
-9.122362,124.802124,2015-06-30,02:09:00,63,terra,Kakuluk Mesak , Kab. Timor Tengah Utara , Nusa Tenggara Timur 
-8.113733,114.031235,2015-06-30,02:09:00,81,terra,Tlogosari , Bondowoso , Jawa Timur 
-8.119225,114.0644,2015-06-30,02:09:00,100,terra,Tlogosari , Bondowoso , Jawa Timur 
-8.119712,114.056564,2015-06-30,02:09:00,100,terra,Tlogosari , Bondowoso , Jawa Timur 
-8.123227,114.076912,2015-06-30,02:09:00,55,terra,Botolinggo , Bondowoso , Jawa Timur 
4,96.062675,2015-06-30,03:51:00,67,terra,Botolinggo , Bondowoso , Jawa Timur 
3.167,98.397438,2015-06-30,03:51:00,77,terra,Botolinggo , Bondowoso , Jawa Timur 
1.9769,100.58992,2015-06-30,03:51:00,71,terra,Bagan Sinembah , Rokan Hilir , Riau 
2.182612,98.765144,2015-06-30,03:51:00,53,terra,Dolok Sanggul , Humbang Hasundutan , Sumatera Utara 
2.048527,99.296875,2015-06-30,03:51:00,23,terra,Garoga , Tapanuli Utara , Sumatera Utara 
2.181318,98.146721,2015-06-30,03:51:00,36,terra,Barus , Tapanuli Tengah , Sumatera Utara 
1.985204,99.478264,2015-06-30,03:51:00,49,terra,Saipar Dolok Hole , Tapanuli Selatan , Sumatera Utara 
1.820482,98.659317,2015-06-30,03:51:00,61,terra,Kolang , Tapanuli Tengah , Sumatera Utara 
0.910299,104.600327,2015-06-30,03:51:00,65,terra,Kolang , Tapanuli Tengah , Sumatera Utara 
0.915884,104.595306,2015-06-30,03:51:00,37,terra,Kolang , Tapanuli Tengah , Sumatera Utara 
1.350008,101.536537,2015-06-30,03:51:00,59,terra,Mandau , Bengkalis , Riau 
1.668319,99.190392,2015-06-30,03:51:00,46,terra,Sipirok , Tapanuli Selatan , Sumatera Utara 
1.185688,101.630661,2015-06-30,03:51:00,94,terra,Pinggir , Bengkalis , Riau 
0.979658,103.002434,2015-06-30,03:51:00,18,terra,Tebing Tinggi , Kepulauan Meranti , Riau 
0.977795,103.014809,2015-06-30,03:51:00,32,terra,Tebing Tinggi , Kepulauan Meranti , Riau 
1.290621,99.999878,2015-06-30,03:51:00,32,terra,Huristak , Padang Lawas , Sumatera Utara 
1.11358,101.071625,2015-06-30,03:51:00,61,terra,Pinggir , Bengkalis , Riau 
1.052499,101.161919,2015-06-30,03:51:00,68,terra,Pinggir , Bengkalis , Riau 
1.291195,98.938606,2015-06-30,03:51:00,61,terra,Pinggir , Bengkalis , Riau 
0.676104,102.78421,2015-06-30,03:51:00,57,terra,Pinggir , Bengkalis , Riau 
1.002526,99.830353,2015-06-30,03:51:00,75,terra,Sosa , Padang Lawas , Sumatera Utara 
0.993547,99.829063,2015-06-30,03:51:00,43,terra,Sosa , Padang Lawas , Sumatera Utara 
0.72078,99.990852,2015-06-30,03:51:00,62,terra,Raomapat Tunggal , Pasaman , Sumatera Barat 
0.440066,101.890625,2015-06-30,03:51:00,34,terra,Bunut , Pelalawan , Riau 
0.132086,103.596848,2015-06-30,03:51:00,29,terra,Mandah , Indragiri Hilir , Riau 
0.131578,103.590927,2015-06-30,03:51:00,61,terra,Mandah , Indragiri Hilir , Riau 
0.199978,102.8228,2015-06-30,03:51:00,36,terra,Mandah , Indragiri Hilir , Riau 
0.186451,102.770615,2015-06-30,03:51:00,59,terra,Mandah , Indragiri Hilir , Riau 
0.171028,102.397064,2015-06-30,03:51:00,57,terra,Kuala Kampar , Pelalawan , Riau 
0.120432,102.667648,2015-06-30,03:51:00,62,terra,Kuala Kampar , Pelalawan , Riau 
0.118631,102.679756,2015-06-30,03:51:00,61,terra,Kuala Kampar , Pelalawan , Riau 
0.072022,101.890297,2015-06-30,03:51:00,59,terra,Pangkalan Kuras , Pelalawan , Riau 
-0.031108,102.379646,2015-06-30,03:51:00,80,terra,Kuala Kampar , Pelalawan , Riau 
-0.032845,102.391281,2015-06-30,03:51:00,80,terra,Kuala Kampar , Pelalawan , Riau 
-0.152176,102.862183,2015-06-30,03:51:00,47,terra,Gaunganakserka , Indragiri Hilir , Riau 
0.155135,100.574333,2015-06-30,03:51:00,47,terra,Kapur Sembilan , Lima Puluh Koto , Sumatera Barat 
-0.239838,102.907593,2015-06-30,03:51:00,59,terra,Gaunganakserka , Indragiri Hilir , Riau 
-0.32065,103.161125,2015-06-30,03:51:00,47,terra,Gaunganakserka , Indragiri Hilir , Riau 
-0.837925,102.929977,2015-06-30,03:51:00,57,terra,Keritang , Indragiri Hilir , Riau 
-0.833771,102.073608,2015-06-30,03:51:00,70,terra,Seberida , Indragiri Hulu , Riau 
-1.078292,103.46875,2015-06-30,03:51:00,59,terra,Muara Sabak , Tanjung Jabung Timur , Jambi 
-1.080379,103.483109,2015-06-30,03:51:00,59,terra,Muara Sabak , Tanjung Jabung Timur , Jambi 
-0.832013,101.644112,2015-06-30,03:51:00,66,terra,Pulau Punjung , Dharmasraya , Sumatera Barat 
-0.941917,102.247154,2015-06-30,03:51:00,42,terra,Tebo Ilir , Tebo , Jambi 
-0.909563,101.682259,2015-06-30,03:51:00,57,terra,Pulau Punjung , Dharmasraya , Sumatera Barat 
-1.05727,102.333847,2015-06-30,03:51:00,88,terra,Tebo Ilir , Tebo , Jambi 
-1.204173,103.314758,2015-06-30,03:51:00,51,terra,Tungkalilir , Tanjung Jabung Barat , Jambi 
-1.335709,103.736046,2015-06-30,03:51:00,12,terra,Muara Sabak , Tanjung Jabung Timur , Jambi 
-1.28521,102.62677,2015-06-30,03:51:00,57,terra,Tebo Ilir , Tebo , Jambi 
-1.281189,102.63356,2015-06-30,03:51:00,47,terra,Tebo Ilir , Tebo , Jambi 
-1.029541,100.682129,2015-06-30,03:51:00,20,terra,Gunung Talang , Solok , Sumatera Barat 
-1.030937,100.69165,2015-06-30,03:51:00,84,terra,Gunung Talang , Solok , Sumatera Barat 
-1.040274,100.69046,2015-06-30,03:51:00,31,terra,Gunung Talang , Solok , Sumatera Barat 
-1.718952,103.926826,2015-06-30,03:51:00,57,terra,Sungai Gelam , Muaro Jambi , Jambi 
-1.300848,100.648598,2015-06-30,03:51:00,58,terra,Batang Kapas , Pesisir Selatan , Sumatera Barat 
-1.922944,104.151848,2015-06-30,03:51:00,26,terra,Muara Telang , Banyuasin , Sumatera Selatan 
-1.995297,104.10215,2015-06-30,03:51:00,60,terra,Banyunglincir , Musi Banyuasin , Sumatera Selatan 
-2.071952,104.256889,2015-06-30,03:51:00,62,terra,Muara Telang , Banyuasin , Sumatera Selatan 
-2.035598,102.621727,2015-06-30,03:51:00,76,terra,Pauh , Sarolangun , Jambi 
-2.093142,102.496216,2015-06-30,03:51:00,68,terra,Bangko , Merangin , Jambi 
-2.897299,105.649261,2015-06-30,03:51:00,27,terra,Tulung Selapan , Ogan Komering Ilir , Sumatera Selatan 
-2.626374,103.38633,2015-06-30,03:51:00,48,terra,Babattoman , Musi Banyuasin , Sumatera Selatan 
-2.345737,101.098015,2015-06-30,03:51:00,68,terra,Pancung Soal , Pesisir Selatan , Sumatera Barat 
-3.00846,105.439369,2015-06-30,03:51:00,39,terra,Tulung Selapan , Ogan Komering Ilir , Sumatera Selatan 
-2.928333,103.877495,2015-06-30,03:51:00,22,terra,Sekayu , Musi Banyuasin , Sumatera Selatan 
-3.703341,102.344246,2015-06-30,03:51:00,64,terra,Pondook Kelapa , Bengkulu Tengah , Bengkulu 
-2,121.384964,2015-06-30,14:35:00,44,terra,Pondook Kelapa , Bengkulu Tengah , Bengkulu 
-2.581616,121.37442,2015-06-30,14:35:00,100,terra,Nuha , Luwu Timur , Sulawesi Selatan 
-2.577578,121.378769,2015-06-30,14:35:00,100,terra,Nuha , Luwu Timur , Sulawesi Selatan 
-2.579072,121.368256,2015-06-30,14:35:00,82,terra,Nuha , Luwu Timur , Sulawesi Selatan 
-1.379838,114.343483,2015-06-30,14:35:00,52,terra,Nuha , Luwu Timur , Sulawesi Selatan 
-0.819464,116.230293,2015-06-30,14:35:00,56,terra,Bongan , Kutai Barat , Kalimantan Timur 
-9,119.331,2015-06-01,05:17:00,82,snpp,Bongan , Kutai Barat , Kalimantan Timur 
-9.38778,119.323,2015-06-01,05:17:00,70,snpp,                                         , Kab. Sumba Barat Daya , Nusa Tenggara Timur 
-4,122.413,2015-06-01,05:18:00,73,snpp,                                         , Kab. Sumba Barat Daya , Nusa Tenggara Timur 
-2.57441,121.387,2015-06-01,05:18:00,100,snpp,Nuha , Luwu Timur , Sulawesi Selatan 
-2.57549,121.38,2015-06-01,05:18:00,100,snpp,Nuha , Luwu Timur , Sulawesi Selatan 
-1.26959,121.674,2015-06-01,05:18:00,80,snpp,Ulubongka , Tojounauna , Sulawesi Tengah 
-1.02877,117.092,2015-06-01,05:18:00,39,snpp,Semboja , Kutai Kartanegara , Kalimantan Timur 
-0.549792,116.174,2015-06-01,05:18:00,79,snpp,Jempang , Kutai Barat , Kalimantan Timur 
1,121.152,2015-06-01,05:19:00,61,snpp,Tiloan , Buol , Sulawesi Tengah 
1.97723,117.234,2015-06-01,05:19:00,66,snpp,Telukbayur , Berau , Kalimantan Timur 
-2,105.405,2015-06-01,06:59:00,20,snpp,Telukbayur , Berau , Kalimantan Timur 
-2.4812,103.413,2015-06-01,06:59:00,39,snpp,Babattoman , Musi Banyuasin , Sumatera Selatan 
-2.76241,101.472,2015-06-01,06:59:00,94,snpp,Muko Muko Selatan , Muko-muko , Bengkulu 
-2.48879,102.604,2015-06-01,06:59:00,38,snpp,Limun , Sarolangun , Jambi 
-1.92484,105.184,2015-06-01,06:59:00,62,snpp,Limun , Sarolangun , Jambi 
-1.57923,102.806,2015-06-01,06:59:00,37,snpp,Maro Sebo Ulu , Batanghari , Jambi 
-1.35103,103.307,2015-06-01,06:59:00,73,snpp,Sekernan , Muaro Jambi , Jambi 
-1.35584,102.584,2015-06-01,06:59:00,70,snpp,Tebo Ilir , Tebo , Jambi 
-1.23914,102.377,2015-06-01,06:59:00,100,snpp,Tebo Ilir , Tebo , Jambi 
-1.23862,102.376,2015-06-01,06:59:00,92,snpp,Tebo Ilir , Tebo , Jambi 
-1.12131,102.012,2015-06-01,06:59:00,94,snpp,Tebo Ulu , Tebo , Jambi 
-0.84574,102.926,2015-06-01,06:59:00,38,snpp,Keritang , Indragiri Hilir , Riau 
-0.898446,101.851,2015-06-01,06:59:00,92,snpp,Kuatan Mudik , Kuantan Singingi , Riau 
-0.734143,101.572,2015-06-01,06:59:00,62,snpp,Kuatan Mudik , Kuantan Singingi , Riau 
0,101.899,2015-06-01,07:00:00,100,snpp,Pangkalan Kuras , Pelalawan , Riau 
-0.232851,101.901,2015-06-01,07:00:00,92,snpp,Pangkalan Kuras , Pelalawan , Riau 
0.17404,102.409,2015-06-01,07:00:00,39,snpp,Kuala Kampar , Pelalawan , Riau 
0.241313,102.406,2015-06-01,07:00:00,63,snpp,Kuala Kampar , Pelalawan , Riau 
0.765122,101.985,2015-06-01,07:00:00,66,snpp,Siak Sri Indrapura , Siak , Riau 
3.3796,97.8337,2015-06-01,07:00:00,37,snpp,Lawealas , Aceh Tenggara , Aceh 
-2,133.138,2015-06-01,16:19:00,30,snpp,Moskona Selatan , Teluk Bintuni , Papua Barat 
-8,112.924,2015-06-01,18:02:00,62,snpp,Ponco Kusumo , Malang , Jawa Timur 
-5,105.711,2015-06-02,06:40:00,56,snpp,Sukadana , Lampung Timur , Lampung 
-4.50817,103.187,2015-06-02,06:40:00,61,snpp,Kaur Utara , Kaur , Bengkulu 
-3.71084,104.026,2015-06-02,06:40:00,88,snpp,Rambang , Muara Enim , Sumatera Selatan 
-3.32007,104.023,2015-06-02,06:40:00,80,snpp,Talang Ubi , Penukal Abab Lematang Ilir , Sumatera Selatan 
-3.25099,103.011,2015-06-02,06:40:00,45,snpp,Muara Beliti , Musi Rawas , Sumatera Selatan 
-2.50943,103.002,2015-06-02,06:40:00,81,snpp,Nibung , Musi Rawas Utara , Sumatera Selatan 
-2.4741,102.564,2015-06-02,06:40:00,100,snpp,Limun , Sarolangun , Jambi 
-2.29637,103.161,2015-06-02,06:40:00,85,snpp,Pauh , Sarolangun , Jambi 
-2.4288,102.104,2015-06-02,06:40:00,100,snpp,Jangkat , Merangin , Jambi 
-2.42984,102.097,2015-06-02,06:40:00,96,snpp,Jangkat , Merangin , Jambi 
-2.5398,101.138,2015-06-02,06:40:00,80,snpp,Muko Muko Utara , Muko-muko , Bengkulu 
-2.29497,102.543,2015-06-02,06:40:00,94,snpp,Sarolangun , Sarolangun , Jambi 
-2.29146,102.521,2015-06-02,06:40:00,79,snpp,Sarolangun , Sarolangun , Jambi 
-2.2925,102.515,2015-06-02,06:40:00,100,snpp,Sarolangun , Sarolangun , Jambi 
-2.32588,101.933,2015-06-02,06:40:00,69,snpp,Muara Siau , Merangin , Jambi 
-2.28274,102.174,2015-06-02,06:40:00,100,snpp,Muara Siau , Merangin , Jambi 
-2.28323,101.99,2015-06-02,06:40:00,53,snpp,Muara Siau , Merangin , Jambi 
-2.26749,101.966,2015-06-02,06:40:00,91,snpp,Muara Siau , Merangin , Jambi 
-2.26854,101.959,2015-06-02,06:40:00,94,snpp,Muara Siau , Merangin , Jambi 
-2.26084,101.965,2015-06-02,06:40:00,73,snpp,Muara Siau , Merangin , Jambi 
-2.26189,101.958,2015-06-02,06:40:00,94,snpp,Muara Siau , Merangin , Jambi 
-2.23005,101.989,2015-06-02,06:40:00,87,snpp,Muara Siau , Merangin , Jambi 
-2.07209,102.764,2015-06-02,06:40:00,80,snpp,Pauh , Sarolangun , Jambi 
-2.06543,102.763,2015-06-02,06:40:00,46,snpp,Pauh , Sarolangun , Jambi 
-2.09045,102.511,2015-06-02,06:40:00,85,snpp,Bangko , Merangin , Jambi 
-2.0838,102.51,2015-06-02,06:40:00,21,snpp,Bangko , Merangin , Jambi 
-2.17499,101.817,2015-06-02,06:40:00,100,snpp,Gunung Raya , Kerinci , Jambi 
-2.06452,102.458,2015-06-02,06:40:00,64,snpp,Bangko , Merangin , Jambi 
-1.99458,102.206,2015-06-02,06:40:00,100,snpp,Rantau Panjang , Merangin , Jambi 
-1.73364,103.081,2015-06-02,06:40:00,100,snpp,Muara Tembesi , Batanghari , Jambi 
-1.61243,102.677,2015-06-02,06:40:00,100,snpp,Tebo Tengah , Tebo , Jambi 
-1.44966,101.655,2015-06-02,06:40:00,100,snpp,Koto Baru , Dharmasraya , Sumatera Barat 
-1.29258,101.977,2015-06-02,06:40:00,30,snpp,Tanah Tumbuh , Bungo , Jambi 
-1.04304,101.748,2015-06-02,06:40:00,73,snpp,Koto Baru , Dharmasraya , Sumatera Barat 
0,101.694,2015-06-02,06:41:00,100,snpp,Langgam , Pelalawan , Riau 
-0.923856,101.687,2015-06-02,06:41:00,100,snpp,Pulau Punjung , Dharmasraya , Sumatera Barat 
-0.850258,101.683,2015-06-02,06:41:00,54,snpp,Kuatan Mudik , Kuantan Singingi , Riau 
-0.851301,101.676,2015-06-02,06:41:00,100,snpp,Kuatan Mudik , Kuantan Singingi , Riau 
-0.844646,101.675,2015-06-02,06:41:00,92,snpp,Kuatan Mudik , Kuantan Singingi , Riau 
2,125.41,2015-06-02,17:40:00,66,snpp,Kuatan Mudik , Kuantan Singingi , Riau 
-6,138.963,2015-06-03,04:39:00,85,snpp,Ayib , Asmat , Papua 
-2,121.385,2015-06-03,04:40:00,100,snpp,Ayib , Asmat , Papua 
-2.57764,121.376,2015-06-03,04:40:00,64,snpp,Nuha , Luwu Timur , Sulawesi Selatan 
-0.70894,127.827,2015-06-03,04:40:00,96,snpp,Bacan Timur Tengah , Kab. Halmahera Barat , Maluku Utara 
-8,113.188,2015-06-03,06:20:00,71,snpp,Kedungjajang , Lumajang , Jawa Timur 
-8.11328,112.923,2015-06-03,06:20:00,59,snpp,Ampel Gading , Malang , Jawa Timur 
-4,105.752,2015-06-03,06:21:00,84,snpp,Pematang Panggang , Ogan Komering Ilir , Sumatera Selatan 
-4.79531,105.712,2015-06-03,06:21:00,82,snpp,Pematang Panggang , Ogan Komering Ilir , Sumatera Selatan 
-1.90608,115.85,2015-06-03,06:21:00,88,snpp,Pematang Panggang , Ogan Komering Ilir , Sumatera Selatan 
-3.69198,104.314,2015-06-03,06:21:00,65,snpp,Lubai , Muara Enim , Sumatera Selatan 
-3.39554,103.926,2015-06-03,06:21:00,100,snpp,Talang Ubi , Penukal Abab Lematang Ilir , Sumatera Selatan 
-3.39285,103.927,2015-06-03,06:21:00,96,snpp,Talang Ubi , Penukal Abab Lematang Ilir , Sumatera Selatan 
-3.36076,103.94,2015-06-03,06:21:00,68,snpp,Talang Ubi , Penukal Abab Lematang Ilir , Sumatera Selatan 
-3.36206,103.931,2015-06-03,06:21:00,96,snpp,Talang Ubi , Penukal Abab Lematang Ilir , Sumatera Selatan 
-3.30369,104.072,2015-06-03,06:21:00,81,snpp,Tanah Abang , Penukal Abab Lematang Ilir , Sumatera Selatan 
-3.20872,103.411,2015-06-03,06:21:00,48,snpp,Cecar , Musi Rawas , Sumatera Selatan 
-2.82181,103.787,2015-06-03,06:21:00,76,snpp,Sekayu , Musi Banyuasin , Sumatera Selatan 
-2.3387,101.064,2015-06-03,06:21:00,53,snpp,Pancung Soal , Pesisir Selatan , Sumatera Barat 
-1.80154,103.966,2015-06-03,06:21:00,59,snpp,Banyunglincir , Musi Banyuasin , Sumatera Selatan 
-1.77367,104.054,2015-06-03,06:21:00,84,snpp,Kumpeh , Muaro Jambi , Jambi 
0,101.751,2015-06-03,06:23:00,53,snpp,Langgam , Pelalawan , Riau 
-0.132724,101.65,2015-06-03,06:23:00,61,snpp,Langgam , Pelalawan , Riau 
0.195114,103.38,2015-06-03,06:23:00,43,snpp,Langgam , Pelalawan , Riau 
0.226086,102.89,2015-06-03,06:23:00,39,snpp,Langgam , Pelalawan , Riau 
0.226997,102.891,2015-06-03,06:23:00,41,snpp,Langgam , Pelalawan , Riau 
0.923819,104.555,2015-06-03,06:23:00,76,snpp,Langgam , Pelalawan , Riau 
0.979091,101.55,2015-06-03,06:23:00,48,snpp,Siak , Siak , Riau 
1.74328,101.611,2015-06-03,06:23:00,60,snpp,Rupat , Bengkalis , Riau 
-3.85232,138.531,2015-06-04,04:20:00,79,snpp,Dimba , Lanny Jaya , Papua 
-9,120.507,2015-06-04,05:59:00,78,snpp,Dimba , Lanny Jaya , Papua 
-8,119.07,2015-06-04,06:01:00,65,snpp,Dimba , Lanny Jaya , Papua 
-8.19868,119.071,2015-06-04,06:01:00,68,snpp,Wera , Bima , Nusa Tenggara Barat 
-7.47564,112.684,2015-06-04,06:01:00,84,snpp,Candi , Sidoarjo , Jawa Timur 
-7.15408,112.841,2015-06-04,06:01:00,61,snpp,Kwanyar , Bangkalan , Jawa Timur 
-6,105.986,2015-06-04,06:02:00,43,snpp,Ciwadan , Kota Cilegon , Banten 
-1.84801,114.261,2015-06-04,06:02:00,93,snpp,Ciwadan , Kota Cilegon , Banten 
-1.84922,114.253,2015-06-04,06:02:00,80,snpp,Ciwadan , Kota Cilegon , Banten 
-3.58182,102.403,2015-06-04,06:02:00,79,snpp,Pagar Jati , Bengkulu Tengah , Bengkulu 
-1.96301,111.874,2015-06-04,06:02:00,40,snpp,Arut Utara , Kota Waringin Barat , Kalimantan Tengah 
-10.2729,123.509,2015-06-05,05:40:00,34,snpp,Kupang Barat , Kab. Kupang , Nusa Tenggara Timur 
-10.1828,120.257,2015-06-05,05:40:00,78,snpp,Kupang Barat , Kab. Kupang , Nusa Tenggara Timur 
-10.184,120.25,2015-06-05,05:40:00,89,snpp,Kupang Barat , Kab. Kupang , Nusa Tenggara Timur 
-9.98569,120.734,2015-06-05,05:40:00,69,snpp,Kupang Barat , Kab. Kupang , Nusa Tenggara Timur 
-9.78653,120.535,2015-06-05,05:40:00,57,snpp,Kupang Barat , Kab. Kupang , Nusa Tenggara Timur 
-9,119.908,2015-06-05,05:42:00,81,snpp,Kupang Barat , Kab. Kupang , Nusa Tenggara Timur 
-9.30629,119.926,2015-06-05,05:42:00,52,snpp,Kupang Barat , Kab. Kupang , Nusa Tenggara Timur 
-8.48147,122.534,2015-06-05,05:42:00,73,snpp,Kupang Barat , Kab. Kupang , Nusa Tenggara Timur 
-8.60154,117.604,2015-06-05,05:42:00,60,snpp,Lape , Sumbawa , Nusa Tenggara Barat 
-2,121.379,2015-06-05,05:43:00,65,snpp,Lape , Sumbawa , Nusa Tenggara Barat 
-3.12079,115.094,2015-06-05,05:43:00,76,snpp,Binuang , Tapin , Kalimantan Selatan 
-2.47935,115.05,2015-06-05,05:43:00,72,snpp,Danau Panggang , Hulu Sungai Utara , Kalimantan Selatan 
-1.69579,113.35,2015-06-05,05:43:00,56,snpp,Danau Panggang , Hulu Sungai Utara , Kalimantan Selatan 
-1.69705,113.342,2015-06-05,05:43:00,76,snpp,Danau Panggang , Hulu Sungai Utara , Kalimantan Selatan 
1.04542,121.425,2015-06-05,05:43:00,44,snpp,Bukal , Buol , Sulawesi Tengah 
0,116.114,2015-06-05,05:45:00,71,snpp,Konahan , Kutai Kartanegara , Kalimantan Timur 
2.77628,125.408,2015-06-05,05:45:00,76,snpp,Siau Tengah , Kepulauan Siau Tagulandang Biaro , Sulawesi Utara 
1.073,110.163,2015-06-05,05:45:00,70,snpp,Entikong , Sanggau , Kalimantan Barat 
2.16823,117.288,2015-06-05,05:45:00,92,snpp,Gunungtabur , Berau , Kalimantan Timur 
2.70083,117.755,2015-06-05,05:45:00,58,snpp,Gunungtabur , Berau , Kalimantan Timur 
2.8078,117.508,2015-06-05,05:45:00,62,snpp,Gunungtabur , Berau , Kalimantan Timur 
1,127.633,2015-06-05,16:43:00,61,snpp,Gunungtabur , Berau , Kalimantan Timur 
3.16904,98.3907,2015-06-05,18:24:00,32,snpp,Gunungtabur , Berau , Kalimantan Timur 
-10.2247,123.625,2015-06-06,05:22:00,56,snpp,Nekamese , Kab. Kupang , Nusa Tenggara Timur 
-9,119.379,2015-06-06,05:23:00,63,snpp,Nekamese , Kab. Kupang , Nusa Tenggara Timur 
-8.43247,123.145,2015-06-06,05:23:00,38,snpp,Nekamese , Kab. Kupang , Nusa Tenggara Timur 
-8.43353,123.138,2015-06-06,05:23:00,57,snpp,Nekamese , Kab. Kupang , Nusa Tenggara Timur 
2,125.409,2015-06-06,05:26:00,85,snpp,Nekamese , Kab. Kupang , Nusa Tenggara Timur 
-9,119.814,2015-06-07,05:04:00,55,snpp,Nekamese , Kab. Kupang , Nusa Tenggara Timur 
-9.39893,119.802,2015-06-07,05:04:00,54,snpp,Umbu Ratu Nggay , Kab. Sumba Tengah , Nusa Tenggara Timur 
0,101.797,2015-06-07,06:46:00,93,snpp,Langgam , Pelalawan , Riau 
0,100.946,2015-06-07,06:48:00,68,snpp,Kampar Kiri , Kampar , Riau 
0,101.876,2015-06-08,06:29:00,41,snpp,Pangkalan Kuras , Pelalawan , Riau 
-4.04039,138.256,2015-06-09,04:26:00,76,snpp,Balingga , Lanny Jaya , Papua 
-4.03814,138.256,2015-06-09,04:26:00,68,snpp,Balingga , Lanny Jaya , Papua 
-3.93088,138.446,2015-06-09,04:26:00,86,snpp,Tiom , Lanny Jaya , Papua 
-3.64683,138.371,2015-06-09,04:26:00,85,snpp,Kanggime , Toli Kara , Papua 
-9,120.488,2015-06-09,06:06:00,51,snpp,Kanggime , Toli Kara , Papua 
-9.81318,120.482,2015-06-09,06:06:00,56,snpp,Kanggime , Toli Kara , Papua 
-9.39214,119.824,2015-06-09,06:06:00,55,snpp,Kanggime , Toli Kara , Papua 
-8,118.066,2015-06-09,06:07:00,46,snpp,Kanggime , Toli Kara , Papua 
2,125.405,2015-06-09,17:09:00,100,snpp,Kanggime , Toli Kara , Papua 
-8,119.068,2015-06-09,17:11:00,23,snpp,Kanggime , Toli Kara , Papua 
-4.06185,140.131,2015-06-10,04:07:00,64,snpp,Batani , Pegunungan Bintang , Papua 
-4.0369,140.07,2015-06-10,04:07:00,64,snpp,Talambo , Yahukimo , Papua 
-3.90123,138.084,2015-06-10,04:07:00,31,snpp,Malagaineri , Lanny Jaya , Papua 
-3.6512,138.362,2015-06-10,04:07:00,81,snpp,Kanggime , Toli Kara , Papua 
-3.65234,138.354,2015-06-10,04:07:00,40,snpp,Kanggime , Toli Kara , Papua 
-7,114.288,2015-06-10,05:48:00,56,snpp,Kanggime , Toli Kara , Papua 
-7.79983,114.378,2015-06-10,05:48:00,65,snpp,Kanggime , Toli Kara , Papua 
-7.74617,114.246,2015-06-10,05:48:00,100,snpp,Banyuputih , Situbondo , Jawa Timur 
-7.72052,112.889,2015-06-10,05:48:00,42,snpp,Kejayan , Pasuruan , Jawa Timur 
-4,105.477,2015-06-10,05:50:00,92,snpp,Mesuji Timur , Mesuji , Lampung 
-4.51778,104.889,2015-06-10,05:50:00,65,snpp,Negeri Besar , Way Kanan , Lampung 
2,125.401,2015-06-10,16:50:00,39,snpp,Negeri Besar , Way Kanan , Lampung 
3.17078,98.3923,2015-06-10,18:31:00,91,snpp,Negeri Besar , Way Kanan , Lampung 
2.10037,100.515,2015-06-10,18:31:00,56,snpp,Bagan Sinembah , Rokan Hilir , Riau 
-9.79905,119.988,2015-06-11,05:28:00,69,snpp,Bagan Sinembah , Rokan Hilir , Riau 
-9.76654,120.021,2015-06-11,05:28:00,78,snpp,Bagan Sinembah , Rokan Hilir , Riau 
-9,119.306,2015-06-11,05:29:00,86,snpp,Bagan Sinembah , Rokan Hilir , Riau 
-8.35452,120.938,2015-06-11,05:29:00,68,snpp,Elar , Kab. Manggarai Timur , Nusa Tenggara Timur 
-2,121.383,2015-06-12,05:12:00,100,snpp,Elar , Kab. Manggarai Timur , Nusa Tenggara Timur 
-4,104.82,2015-06-12,06:53:00,41,snpp,Belitang Ii , Ogan Komering Ulu Timur , Sumatera Selatan 
-4.34482,104.808,2015-06-12,06:53:00,70,snpp,Negara Batin , Way Kanan , Lampung 
-4.34543,104.808,2015-06-12,06:53:00,70,snpp,Negara Batin , Way Kanan , Lampung 
-3.1078,103.193,2015-06-12,06:53:00,17,snpp,Muara Kelingi , Musi Rawas , Sumatera Selatan 
-8,112.923,2015-06-12,17:56:00,97,snpp,Ponco Kusumo , Malang , Jawa Timur 
-2,121.38,2015-06-13,04:53:00,87,snpp,Ponco Kusumo , Malang , Jawa Timur 
-2.57789,121.385,2015-06-13,04:53:00,90,snpp,Nuha , Luwu Timur , Sulawesi Selatan 
-5,105.747,2015-06-13,06:32:00,64,snpp,Sukadana , Lampung Timur , Lampung 
-4,105.298,2015-06-13,06:34:00,68,snpp,Simpang Pematang , Mesuji , Lampung 
-4.55882,105.387,2015-06-13,06:34:00,63,snpp,Simpang Pematang , Mesuji , Lampung 
-4.49726,105.341,2015-06-13,06:34:00,100,snpp,Gedung Meneng , Tulang Bawang , Lampung 
-4.4918,105.341,2015-06-13,06:34:00,85,snpp,Gedung Meneng , Tulang Bawang , Lampung 
-4.50132,104.963,2015-06-13,06:34:00,35,snpp,Tulang Bawang Udik , Tulang Bawang Barat , Lampung 
-3.87638,104.716,2015-06-13,06:34:00,61,snpp,Cempaka , Ogan Komering Ulu Timur , Sumatera Selatan 
-3.60673,104.22,2015-06-13,06:34:00,100,snpp,Lubai , Muara Enim , Sumatera Selatan 
-3.4748,103.887,2015-06-13,06:34:00,56,snpp,Gunung Megang , Muara Enim , Sumatera Selatan 
-3.35144,104.257,2015-06-13,06:34:00,100,snpp,Lembak , Muara Enim , Sumatera Selatan 
-3.07946,104.492,2015-06-13,06:34:00,83,snpp,Gelumbang , Muara Enim , Sumatera Selatan 
-3.06132,103.717,2015-06-13,06:34:00,100,snpp,Sungai Keruh , Musi Banyuasin , Sumatera Selatan 
-3.06236,103.71,2015-06-13,06:34:00,80,snpp,Sungai Keruh , Musi Banyuasin , Sumatera Selatan 
1,101.727,2015-06-13,06:35:00,45,snpp,Siak , Siak , Riau 
-2,121.383,2015-06-13,17:35:00,100,snpp,Siak , Siak , Riau 
-8,112.924,2015-06-13,17:37:00,74,snpp,Ponco Kusumo , Malang , Jawa Timur 
-9,119.475,2015-06-14,06:12:00,80,snpp,Ponco Kusumo , Malang , Jawa Timur 
-9.38591,119.375,2015-06-14,06:12:00,27,snpp,                                         , Kab. Sumba Barat Daya , Nusa Tenggara Timur 
-8,114.016,2015-06-14,06:14:00,63,snpp,Suko Sari , Bondowoso , Jawa Timur 
-8.11557,112.931,2015-06-14,06:14:00,48,snpp,Pronojiwo , Lumajang , Jawa Timur 
-7.45672,111.49,2015-06-14,06:14:00,69,snpp,Ngawi , Ngawi , Jawa Timur 
-6.92236,111.02,2015-06-14,06:14:00,68,snpp,Kayen , Pati , Jawa Tengah 
-6.56831,108.167,2015-06-14,06:14:00,90,snpp,Kayen , Pati , Jawa Tengah 
-4,104.854,2015-06-14,06:15:00,66,snpp,Belitang Ii , Ogan Komering Ulu Timur , Sumatera Selatan 
-4.16528,105.203,2015-06-14,06:15:00,69,snpp,Mesuji Timur , Mesuji , Lampung 
-3.90664,104.499,2015-06-14,06:15:00,95,snpp,Madang Sk I , Ogan Komering Ulu Timur , Sumatera Selatan 
-3.90811,104.489,2015-06-14,06:15:00,41,snpp,Peninjauan , Ogan Komering Ulu , Sumatera Selatan 
-3.89877,104.498,2015-06-14,06:15:00,96,snpp,Madang Sk I , Ogan Komering Ulu Timur , Sumatera Selatan 
-3.71731,104.322,2015-06-14,06:15:00,71,snpp,Lubai , Muara Enim , Sumatera Selatan 
-3.3689,104.331,2015-06-14,06:15:00,100,snpp,Cambai , Kota Prabumulih , Sumatera Selatan 
-2.99519,106.819,2015-06-14,06:15:00,99,snpp,Cambai , Kota Prabumulih , Sumatera Selatan 
-3.3504,104.236,2015-06-14,06:15:00,70,snpp,Lembak , Muara Enim , Sumatera Selatan 
-3.1949,104.104,2015-06-14,06:15:00,68,snpp,Abab , Penukal Abab Lematang Ilir , Sumatera Selatan 
-3.17291,104.143,2015-06-14,06:15:00,68,snpp,Abab , Penukal Abab Lematang Ilir , Sumatera Selatan 
-3.16493,104.142,2015-06-14,06:15:00,96,snpp,Abab , Penukal Abab Lematang Ilir , Sumatera Selatan 
-3.15864,103.897,2015-06-14,06:15:00,100,snpp,Talang Ubi , Penukal Abab Lematang Ilir , Sumatera Selatan 
-2.57786,106.376,2015-06-14,06:15:00,100,snpp,Talang Ubi , Penukal Abab Lematang Ilir , Sumatera Selatan 
2,125.405,2015-06-14,17:15:00,88,snpp,Talang Ubi , Penukal Abab Lematang Ilir , Sumatera Selatan 
-2,121.374,2015-06-14,17:16:00,100,snpp,Talang Ubi , Penukal Abab Lematang Ilir , Sumatera Selatan 
-8,119.066,2015-06-14,17:18:00,65,snpp,Talang Ubi , Penukal Abab Lematang Ilir , Sumatera Selatan 
-8.19876,119.074,2015-06-14,17:18:00,43,snpp,Wera , Bima , Nusa Tenggara Barat 
-8.10982,112.921,2015-06-14,17:18:00,47,snpp,Ampel Gading , Malang , Jawa Timur 
-8.1119,112.92,2015-06-14,17:18:00,44,snpp,Ampel Gading , Malang , Jawa Timur 
-8,117.951,2015-06-15,05:55:00,92,snpp,Ampel Gading , Malang , Jawa Timur 
-8.11752,114.057,2015-06-15,05:55:00,58,snpp,Tlogosari , Bondowoso , Jawa Timur 
-7.37127,111.611,2015-06-15,05:55:00,87,snpp,Bringin , Ngawi , Jawa Timur 
-7.0974,113.425,2015-06-15,05:55:00,73,snpp,Palengaan , Pamekasan , Jawa Timur 
-2,110.942,2015-06-15,05:56:00,95,snpp,Riam , Ketapang , Kalimantan Barat 
-2.6712,103.671,2015-06-15,05:56:00,65,snpp,Babattoman , Musi Banyuasin , Sumatera Selatan 
-0.285134,116.393,2015-06-15,05:56:00,63,snpp,Muarawis , Kutai Kartanegara , Kalimantan Timur 
-8,119.065,2015-06-15,16:59:00,41,snpp,Muarawis , Kutai Kartanegara , Kalimantan Timur 
-2,103.383,2015-06-15,18:39:00,60,snpp,Bajubang , Batanghari , Jambi 
-8,119.071,2015-06-16,05:36:00,75,snpp,Bajubang , Batanghari , Jambi 
-2,115.001,2015-06-16,05:37:00,50,snpp,Pematang Karau , Barito Timur , Kalimantan Tengah 
-2.68572,115,2015-06-16,05:37:00,36,snpp,Daha Barat , Hulu Sungai Selatan , Kalimantan Selatan 
-2.57715,114.784,2015-06-16,05:37:00,44,snpp,Jenamas , Barito Selatan , Kalimantan Tengah 
-2.83939,111.477,2015-06-16,05:37:00,55,snpp,Arut Selatan , Kota Waringin Barat , Kalimantan Tengah 
-10.2392,123.6,2015-06-17,05:15:00,85,snpp,Nekamese , Kab. Kupang , Nusa Tenggara Timur 
-10.4436,121.93,2015-06-17,05:15:00,67,snpp,Sabu Tengah , Kab. Sabu Rajua , Nusa Tenggara Timur 
-10.0341,124.036,2015-06-17,05:15:00,82,snpp,Fatuleu , Kab. Kupang , Nusa Tenggara Timur 
-9.97185,120.703,2015-06-17,05:15:00,84,snpp,Fatuleu , Kab. Kupang , Nusa Tenggara Timur 
-9.34852,119.951,2015-06-17,05:15:00,60,snpp,Fatuleu , Kab. Kupang , Nusa Tenggara Timur 
-8,119.074,2015-06-17,05:17:00,48,snpp,Fatuleu , Kab. Kupang , Nusa Tenggara Timur 
-2,121.376,2015-06-17,05:18:00,100,snpp,Fatuleu , Kab. Kupang , Nusa Tenggara Timur 
-2.5749,121.382,2015-06-17,05:18:00,88,snpp,Nuha , Luwu Timur , Sulawesi Selatan 
-2.57597,121.375,2015-06-17,05:18:00,100,snpp,Nuha , Luwu Timur , Sulawesi Selatan 
-2.57155,121.381,2015-06-17,05:18:00,65,snpp,Nuha , Luwu Timur , Sulawesi Selatan 
-3,104.18,2015-06-17,06:59:00,46,snpp,Rantau Banyur , Banyuasin , Sumatera Selatan 
-3.36326,104.179,2015-06-17,06:59:00,96,snpp,Cambai , Kota Prabumulih , Sumatera Selatan 
-2.75057,103.802,2015-06-17,06:59:00,70,snpp,Babattoman , Musi Banyuasin , Sumatera Selatan 
-2.53857,103.383,2015-06-17,06:59:00,91,snpp,Babattoman , Musi Banyuasin , Sumatera Selatan 
-2.50558,103.234,2015-06-17,06:59:00,92,snpp,Babattoman , Musi Banyuasin , Sumatera Selatan 
-2,103.383,2015-06-17,18:01:00,77,snpp,Bajubang , Batanghari , Jambi 
-9.57885,119.756,2015-06-18,04:56:00,82,snpp,Bajubang , Batanghari , Jambi 
-7,125.948,2015-06-18,04:58:00,21,snpp,Bajubang , Batanghari , Jambi 
-6,105.942,2015-06-18,06:39:00,66,snpp,Bajubang , Batanghari , Jambi 
-4.80475,103.681,2015-06-18,06:39:00,86,snpp,Nasal , Kaur , Bengkulu 
-3,103.969,2015-06-18,06:40:00,46,snpp,Lais , Musi Banyuasin , Sumatera Selatan 
-3.12124,102.835,2015-06-18,06:40:00,75,snpp,Selangit , Musi Rawas , Sumatera Selatan 
-2.53822,103.385,2015-06-18,06:40:00,70,snpp,Babattoman , Musi Banyuasin , Sumatera Selatan 
-2.1607,103.384,2015-06-18,06:40:00,54,snpp,Bajubang , Batanghari , Jambi 
-2.11185,103.254,2015-06-18,06:40:00,72,snpp,Bajubang , Batanghari , Jambi 
-0.201097,101.233,2015-06-18,06:40:00,75,snpp,Singingi , Kuantan Singingi , Riau 
-0.10522,101.552,2015-06-18,06:40:00,82,snpp,Langgam , Pelalawan , Riau 
2.29081,98.7179,2015-06-18,06:42:00,79,snpp,Dolok Sanggul , Humbang Hasundutan , Sumatera Utara 
2.29786,98.7169,2015-06-18,06:42:00,78,snpp,Dolok Sanggul , Humbang Hasundutan , Sumatera Utara 
3.17059,98.3956,2015-06-18,06:42:00,99,snpp,Dolok Sanggul , Humbang Hasundutan , Sumatera Utara 
-8,114.057,2015-06-19,06:20:00,65,snpp,Suko Sari , Bondowoso , Jawa Timur 
-7.9541,112.129,2015-06-19,06:20:00,100,snpp,Ngancar , Kediri , Jawa Timur 
-7.95323,112.13,2015-06-19,06:20:00,100,snpp,Ngancar , Kediri , Jawa Timur 
-4,105.416,2015-06-19,06:21:00,91,snpp,Ngancar , Kediri , Jawa Timur 
-4.49641,105.609,2015-06-19,06:21:00,100,snpp,Ngancar , Kediri , Jawa Timur 
-4.47612,105.698,2015-06-19,06:21:00,100,snpp,Gedung Meneng , Tulang Bawang , Lampung 
-4.47724,105.691,2015-06-19,06:21:00,100,snpp,Gedung Meneng , Tulang Bawang , Lampung 
-4.4895,105.608,2015-06-19,06:21:00,87,snpp,Gedung Meneng , Tulang Bawang , Lampung 
-4.46925,105.697,2015-06-19,06:21:00,66,snpp,Gedung Meneng , Tulang Bawang , Lampung 
-4.47036,105.69,2015-06-19,06:21:00,89,snpp,Gedung Meneng , Tulang Bawang , Lampung 
-2.73737,106.619,2015-06-19,06:21:00,72,snpp,Gedung Meneng , Tulang Bawang , Lampung 
-2.71177,106.608,2015-06-19,06:21:00,77,snpp,Gedung Meneng , Tulang Bawang , Lampung 
-3.02002,104.107,2015-06-19,06:21:00,38,snpp,Penukal Utara , Penukal Abab Lematang Ilir , Sumatera Selatan 
-3.17066,102.655,2015-06-19,06:21:00,48,snpp,Selangit , Musi Rawas , Sumatera Selatan 
-2.09624,105.298,2015-06-19,06:21:00,70,snpp,Selangit , Musi Rawas , Sumatera Selatan 
-2.31562,103.441,2015-06-19,06:21:00,81,snpp,Bajubang , Batanghari , Jambi 
-2.13343,103.113,2015-06-19,06:21:00,50,snpp,Pauh , Sarolangun , Jambi 
-2.1348,103.104,2015-06-19,06:21:00,65,snpp,Pauh , Sarolangun , Jambi 
-2.26298,101.962,2015-06-19,06:21:00,67,snpp,Muara Siau , Merangin , Jambi 
-1.83353,103.926,2015-06-19,06:21:00,98,snpp,Banyunglincir , Musi Banyuasin , Sumatera Selatan 
-1.52916,103.892,2015-06-19,06:21:00,53,snpp,Kumpeh , Muaro Jambi , Jambi 
-0.971119,102.233,2015-06-19,06:21:00,43,snpp,Tebo Ilir , Tebo , Jambi 
1.37453,100.708,2015-06-19,06:23:00,55,snpp,Tanah Putih , Rokan Hilir , Riau 
1.92725,100.386,2015-06-19,06:23:00,68,snpp,Bagan Sinembah , Rokan Hilir , Riau 
1.96908,100.595,2015-06-19,06:23:00,78,snpp,Bagan Sinembah , Rokan Hilir , Riau 
1.97747,100.593,2015-06-19,06:23:00,81,snpp,Bagan Sinembah , Rokan Hilir , Riau 
2.09257,98.3582,2015-06-19,06:23:00,53,snpp,Barus , Tapanuli Tengah , Sumatera Utara 
-8,119.067,2015-06-19,17:24:00,46,snpp,Barus , Tapanuli Tengah , Sumatera Utara 
-8.19733,119.074,2015-06-19,17:24:00,100,snpp,Wera , Bima , Nusa Tenggara Barat 
-9,119.885,2015-06-20,06:00:00,31,snpp,Wera , Bima , Nusa Tenggara Barat 
-9.86641,119.885,2015-06-20,06:00:00,38,snpp,Wera , Bima , Nusa Tenggara Barat 
-8.1963,119.072,2015-06-20,06:00:00,61,snpp,Wera , Bima , Nusa Tenggara Barat 
-8,114.059,2015-06-20,06:01:00,36,snpp,Suko Sari , Bondowoso , Jawa Timur 
-7.48311,111.612,2015-06-20,06:01:00,56,snpp,Pilangkenceng , Madiun , Jawa Timur 
-7.43929,111.487,2015-06-20,06:01:00,75,snpp,Ngawi , Ngawi , Jawa Timur 
-7.42387,111.402,2015-06-20,06:01:00,65,snpp,Paron , Ngawi , Jawa Timur 
-7.04707,110.82,2015-06-20,06:01:00,64,snpp,Godong , Grobogan , Jawa Tengah 
-2,115.021,2015-06-20,06:02:00,36,snpp,Pematang Karau , Barito Timur , Kalimantan Tengah 
-2.92113,112.433,2015-06-20,06:02:00,52,snpp,Pematang Karau , Barito Timur , Kalimantan Tengah 
-2.68876,111.598,2015-06-20,06:02:00,74,snpp,Arut Selatan , Kota Waringin Barat , Kalimantan Tengah 
-2.24781,114.07,2015-06-20,06:02:00,66,snpp,Arut Selatan , Kota Waringin Barat , Kalimantan Tengah 
-2.61386,111.649,2015-06-20,06:02:00,66,snpp,Arut Selatan , Kota Waringin Barat , Kalimantan Tengah 
-2.28328,111.464,2015-06-20,06:02:00,90,snpp,Bulik , Lamandau , Kalimantan Tengah 
-3.38809,103.952,2015-06-20,06:02:00,81,snpp,Talang Ubi , Penukal Abab Lematang Ilir , Sumatera Selatan 
-2.73759,107.711,2015-06-20,06:02:00,64,snpp,Talang Ubi , Penukal Abab Lematang Ilir , Sumatera Selatan 
-2.72634,106.621,2015-06-20,06:02:00,68,snpp,Talang Ubi , Penukal Abab Lematang Ilir , Sumatera Selatan 
-3.18392,103.443,2015-06-20,06:02:00,50,snpp,Muara Lakitan , Musi Rawas , Sumatera Selatan 
-3.08244,103.989,2015-06-20,06:02:00,85,snpp,Penukal Utara , Penukal Abab Lematang Ilir , Sumatera Selatan 
-2.56848,106.383,2015-06-20,06:02:00,81,snpp,Penukal Utara , Penukal Abab Lematang Ilir , Sumatera Selatan 
-2.42588,106.067,2015-06-20,06:02:00,100,snpp,Penukal Utara , Penukal Abab Lematang Ilir , Sumatera Selatan 
-2.42706,106.059,2015-06-20,06:02:00,85,snpp,Penukal Utara , Penukal Abab Lematang Ilir , Sumatera Selatan 
-2.41732,106.066,2015-06-20,06:02:00,49,snpp,Penukal Utara , Penukal Abab Lematang Ilir , Sumatera Selatan 
-2.49342,103.868,2015-06-20,06:02:00,94,snpp,Keluang , Musi Banyuasin , Sumatera Selatan 
-2.4882,103.871,2015-06-20,06:02:00,84,snpp,Keluang , Musi Banyuasin , Sumatera Selatan 
-2.07978,106.051,2015-06-20,06:02:00,72,snpp,Keluang , Musi Banyuasin , Sumatera Selatan 
-2.34492,102.006,2015-06-20,06:02:00,81,snpp,Muara Siau , Merangin , Jambi 
-2.34597,101.998,2015-06-20,06:02:00,56,snpp,Muara Siau , Merangin , Jambi 
-2.34251,102.007,2015-06-20,06:02:00,70,snpp,Muara Siau , Merangin , Jambi 
-2.34362,101.999,2015-06-20,06:02:00,79,snpp,Muara Siau , Merangin , Jambi 
-1.93759,103.834,2015-06-20,06:02:00,79,snpp,Banyunglincir , Musi Banyuasin , Sumatera Selatan 
-2.16907,101.989,2015-06-20,06:02:00,58,snpp,Sungai Manau , Merangin , Jambi 
-1.82741,103.923,2015-06-20,06:02:00,75,snpp,Banyunglincir , Musi Banyuasin , Sumatera Selatan 
-0.785879,101.897,2015-06-20,06:02:00,55,snpp,Peranap , Indragiri Hulu , Riau 
-0.796987,101.823,2015-06-20,06:02:00,51,snpp,Kuatan Mudik , Kuantan Singingi , Riau 
-0.572417,101.031,2015-06-20,06:02:00,59,snpp,Sijunjung , Sijunjung , Sumatera Barat 
-0.574199,101.031,2015-06-20,06:02:00,52,snpp,Sijunjung , Sijunjung , Sumatera Barat 
0,100.864,2015-06-20,06:04:00,66,snpp,Kampar Kiri Hulu , Kampar , Riau 
3.17155,98.3985,2015-06-20,06:04:00,55,snpp,Kampar Kiri Hulu , Kampar , Riau 
3.16969,98.3876,2015-06-20,06:04:00,90,snpp,Kampar Kiri Hulu , Kampar , Riau 
-8,114.05,2015-06-20,17:05:00,89,snpp,Suko Sari , Bondowoso , Jawa Timur 
-8.11169,114.06,2015-06-20,17:05:00,96,snpp,Tlogosari , Bondowoso , Jawa Timur 
-8.12197,114.05,2015-06-20,17:05:00,100,snpp,Tlogosari , Bondowoso , Jawa Timur 
-8.12339,114.058,2015-06-20,17:05:00,100,snpp,Tlogosari , Bondowoso , Jawa Timur 
3,98.3906,2015-06-20,18:43:00,72,snpp,Tlogosari , Bondowoso , Jawa Timur 
3,98.3836,2015-06-21,18:25:00,59,snpp,Tlogosari , Bondowoso , Jawa Timur 
3.16986,98.3966,2015-06-21,18:25:00,100,snpp,Tlogosari , Bondowoso , Jawa Timur 
-0.212848,101.709,2015-06-21,18:25:00,65,snpp,Pangkalan Kuras , Pelalawan , Riau 
-8,114.048,2015-06-21,18:27:00,84,snpp,Suko Sari , Bondowoso , Jawa Timur 
-8.11295,114.056,2015-06-21,18:27:00,100,snpp,Tlogosari , Bondowoso , Jawa Timur 
-8.12317,114.046,2015-06-21,18:27:00,94,snpp,Tlogosari , Bondowoso , Jawa Timur 
-8.12423,114.054,2015-06-21,18:27:00,100,snpp,Tlogosari , Bondowoso , Jawa Timur 
-10.0258,120.808,2015-06-22,05:22:00,58,snpp,Tlogosari , Bondowoso , Jawa Timur 
-10.0166,120.823,2015-06-22,05:22:00,93,snpp,Tlogosari , Bondowoso , Jawa Timur 
-9.51588,119.906,2015-06-22,05:22:00,81,snpp,Tlogosari , Bondowoso , Jawa Timur 
-9.37216,119.457,2015-06-22,05:22:00,70,snpp,                                         , Kab. Sumba Tengah , Nusa Tenggara Timur 
-8.54231,122.533,2015-06-22,05:22:00,75,snpp,                                         , Kab. Sumba Tengah , Nusa Tenggara Timur 
-8.60529,122.113,2015-06-22,05:22:00,63,snpp,                                         , Kab. Sumba Tengah , Nusa Tenggara Timur 
-8.5727,122.157,2015-06-22,05:22:00,100,snpp,                                         , Kab. Sumba Tengah , Nusa Tenggara Timur 
-8.50316,121.245,2015-06-22,05:22:00,52,snpp,                                         , Kab. Sumba Tengah , Nusa Tenggara Timur 
-8.52071,121.009,2015-06-22,05:22:00,74,snpp,                                         , Kab. Sumba Tengah , Nusa Tenggara Timur 
-8,119.132,2015-06-22,05:23:00,58,snpp,                                         , Kab. Sumba Tengah , Nusa Tenggara Timur 
-8.19699,119.069,2015-06-22,05:23:00,74,snpp,Wera , Bima , Nusa Tenggara Barat 
-8.31383,117.986,2015-06-22,05:23:00,54,snpp,Wera , Bima , Nusa Tenggara Barat 
-8.11457,114.061,2015-06-22,05:23:00,100,snpp,Tlogosari , Bondowoso , Jawa Timur 
-8.1154,114.055,2015-06-22,05:23:00,100,snpp,Tlogosari , Bondowoso , Jawa Timur 
-8.11299,114.061,2015-06-22,05:23:00,100,snpp,Tlogosari , Bondowoso , Jawa Timur 
-8.11386,114.055,2015-06-22,05:23:00,100,snpp,Tlogosari , Bondowoso , Jawa Timur 
-3,115.297,2015-06-22,05:25:00,84,snpp,Paramasan , Banjar , Kalimantan Selatan 
-1.71226,110.048,2015-06-22,05:25:00,81,snpp,Muara Pawan , Ketapang , Kalimantan Barat 
1.22146,117.119,2015-06-22,05:25:00,43,snpp,Kombeng , Kutai Timur , Kalimantan Timur 
1,111.815,2015-06-22,05:26:00,69,snpp,Kombeng , Kutai Timur , Kalimantan Timur 
0,101.524,2015-06-22,18:07:00,55,snpp,Kampar Kiri Hilir , Kampar , Riau 
-0.175181,101.531,2015-06-22,18:07:00,48,snpp,Kuatan Hilir , Kuantan Singingi , Riau 
-7,110.11,2015-06-22,18:08:00,65,snpp,Ringinarum , Kendal , Jawa Tengah 
-8.1207,114.051,2015-06-22,18:08:00,100,snpp,Tlogosari , Bondowoso , Jawa Timur 
-8.12179,114.059,2015-06-22,18:08:00,100,snpp,Tlogosari , Bondowoso , Jawa Timur 
-10.1966,123.665,2015-06-23,05:03:00,67,snpp,Taebenu , Kab. Kupang , Nusa Tenggara Timur 
-9.81087,120.509,2015-06-23,05:03:00,63,snpp,Taebenu , Kab. Kupang , Nusa Tenggara Timur 
-9.81343,120.418,2015-06-23,05:03:00,80,snpp,Taebenu , Kab. Kupang , Nusa Tenggara Timur 
-9.781,120.444,2015-06-23,05:03:00,63,snpp,Taebenu , Kab. Kupang , Nusa Tenggara Timur 
-9.75384,120.43,2015-06-23,05:03:00,95,snpp,Taebenu , Kab. Kupang , Nusa Tenggara Timur 
-9.75515,120.419,2015-06-23,05:03:00,100,snpp,Taebenu , Kab. Kupang , Nusa Tenggara Timur 
-9.75648,120.409,2015-06-23,05:03:00,37,snpp,Taebenu , Kab. Kupang , Nusa Tenggara Timur 
-9.74435,120.428,2015-06-23,05:03:00,24,snpp,Taebenu , Kab. Kupang , Nusa Tenggara Timur 
-9.74565,120.418,2015-06-23,05:03:00,100,snpp,Taebenu , Kab. Kupang , Nusa Tenggara Timur 
-9.74698,120.408,2015-06-23,05:03:00,100,snpp,Taebenu , Kab. Kupang , Nusa Tenggara Timur 
-9.68605,119.611,2015-06-23,05:03:00,72,snpp,Taebenu , Kab. Kupang , Nusa Tenggara Timur 
-9.36974,119.942,2015-06-23,05:03:00,42,snpp,Taebenu , Kab. Kupang , Nusa Tenggara Timur 
-9.3617,119.945,2015-06-23,05:03:00,92,snpp,Taebenu , Kab. Kupang , Nusa Tenggara Timur 
-9.39255,119.327,2015-06-23,05:03:00,64,snpp,                                         , Kab. Sumba Barat Daya , Nusa Tenggara Timur 
-8,122.764,2015-06-23,05:04:00,97,snpp,                                         , Kab. Sumba Barat Daya , Nusa Tenggara Timur 
-8.44344,122.762,2015-06-23,05:04:00,29,snpp,                                         , Kab. Sumba Barat Daya , Nusa Tenggara Timur 
-8.65967,118.239,2015-06-23,05:04:00,36,snpp,Kempo , Dompu , Nusa Tenggara Barat 
-8.1986,119.074,2015-06-23,05:04:00,44,snpp,Wera , Bima , Nusa Tenggara Barat 
-8.19934,119.069,2015-06-23,05:04:00,48,snpp,Wera , Bima , Nusa Tenggara Barat 
-8.12288,114.065,2015-06-23,05:04:00,78,snpp,Songgon , Banyuwangi , Jawa Timur 
-8.12424,114.054,2015-06-23,05:04:00,86,snpp,Tlogosari , Bondowoso , Jawa Timur 
-8,114.063,2015-06-23,06:44:00,80,snpp,Suko Sari , Bondowoso , Jawa Timur 
-8.12485,114.051,2015-06-23,06:44:00,84,snpp,Tlogosari , Bondowoso , Jawa Timur 
-8.1098,114.061,2015-06-23,06:44:00,53,snpp,Tlogosari , Bondowoso , Jawa Timur 
-5,104.513,2015-06-23,06:45:00,41,snpp,Tlogosari , Bondowoso , Jawa Timur 
-4.98056,105.556,2015-06-23,06:45:00,84,snpp,Sukadana , Lampung Timur , Lampung 
-4,102.885,2015-06-23,06:47:00,56,snpp,Semidang Alas , Seluma , Bengkulu 
-2.55329,112.402,2015-06-23,06:47:00,82,snpp,Semidang Alas , Seluma , Bengkulu 
-3.32745,104.1,2015-06-23,06:47:00,75,snpp,Tanah Abang , Penukal Abab Lematang Ilir , Sumatera Selatan 
-3.27468,104.076,2015-06-23,06:47:00,100,snpp,Talang Ubi , Penukal Abab Lematang Ilir , Sumatera Selatan 
-2.79977,106.437,2015-06-23,06:47:00,68,snpp,Talang Ubi , Penukal Abab Lematang Ilir , Sumatera Selatan 
-3.27023,103.357,2015-06-23,06:47:00,100,snpp,Cecar , Musi Rawas , Sumatera Selatan 
-3.0977,104.092,2015-06-23,06:47:00,48,snpp,Penukal , Penukal Abab Lematang Ilir , Sumatera Selatan 
-3.1138,103.107,2015-06-23,06:47:00,86,snpp,Muara Kelingi , Musi Rawas , Sumatera Selatan 
-2.35795,106.084,2015-06-23,06:47:00,69,snpp,Muara Kelingi , Musi Rawas , Sumatera Selatan 
-2.21326,103.39,2015-06-23,06:47:00,100,snpp,Bajubang , Batanghari , Jambi 
-2.15107,102.578,2015-06-23,06:47:00,82,snpp,Bangko , Merangin , Jambi 
-1.94368,103.84,2015-06-23,06:47:00,81,snpp,Banyunglincir , Musi Banyuasin , Sumatera Selatan 
-1.7227,104.137,2015-06-23,06:47:00,65,snpp,Kumpeh , Muaro Jambi , Jambi 
-2.02448,101.332,2015-06-23,06:47:00,68,snpp,Air Hangat , Kerinci , Jambi 
-1.78828,102.782,2015-06-23,06:47:00,71,snpp,Batin Xxiv , Batanghari , Jambi 
-1.62309,103.768,2015-06-23,06:47:00,43,snpp,Sungai Gelam , Muaro Jambi , Jambi 
-1.50792,102.678,2015-06-23,06:47:00,99,snpp,Tebo Ilir , Tebo , Jambi 
-1.30791,101.378,2015-06-23,06:47:00,50,snpp,Sangir , Solok Selatan , Sumatera Barat 
-1.14166,101.946,2015-06-23,06:47:00,69,snpp,Tebo Ulu , Tebo , Jambi 
-0.919398,102.239,2015-06-23,06:47:00,64,snpp,Seberida , Indragiri Hulu , Riau 
-0.920515,102.232,2015-06-23,06:47:00,57,snpp,Seberida , Indragiri Hulu , Riau 
-0.886698,102.204,2015-06-23,06:47:00,77,snpp,Seberida , Indragiri Hulu , Riau 
-0.922344,101.693,2015-06-23,06:47:00,89,snpp,Pulau Punjung , Dharmasraya , Sumatera Barat 
-0.805251,101.888,2015-06-23,06:47:00,95,snpp,Peranap , Indragiri Hulu , Riau 
-0.671572,102.104,2015-06-23,06:47:00,69,snpp,Pasir Penyu , Indragiri Hulu , Riau 
-0.285219,101.845,2015-06-23,06:47:00,100,snpp,Pangkalan Kuras , Pelalawan , Riau 
-0.215376,101.894,2015-06-23,06:47:00,92,snpp,Pangkalan Kuras , Pelalawan , Riau 
-0.13587,101.704,2015-06-23,06:47:00,85,snpp,Pangkalan Kuras , Pelalawan , Riau 
-0.161927,101.533,2015-06-23,06:47:00,84,snpp,Kuatan Hilir , Kuantan Singingi , Riau 
-0.117972,101.731,2015-06-23,06:47:00,96,snpp,Pangkalan Kuras , Pelalawan , Riau 
-0.119064,101.724,2015-06-23,06:47:00,92,snpp,Pangkalan Kuras , Pelalawan , Riau 
0.0393817,101.083,2015-06-23,06:47:00,72,snpp,Kampar Kiri , Kampar , Riau 
0.0449992,101.075,2015-06-23,06:47:00,42,snpp,Kampar Kiri , Kampar , Riau 
0.19998,99.862,2015-06-23,06:47:00,67,snpp,Kampar Kiri , Kampar , Riau 
0.417908,100.231,2015-06-23,06:47:00,100,snpp,Raomapat Tunggal , Pasaman , Sumatera Barat 
0.622521,101.274,2015-06-23,06:47:00,100,snpp,Tapung , Kampar , Riau 
0,99.033,2015-06-23,06:48:00,81,snpp,Tapung , Kampar , Riau 
1.27983,102.052,2015-06-23,06:48:00,92,snpp,Tapung , Kampar , Riau 
1.14799,100.948,2015-06-23,06:48:00,50,snpp,Mandau , Bengkalis , Riau 
1.22044,101.211,2015-06-23,06:48:00,71,snpp,Mandau , Bengkalis , Riau 
1.39072,100.632,2015-06-23,06:48:00,65,snpp,Tanah Putih , Rokan Hilir , Riau 
1.31406,99.9435,2015-06-23,06:48:00,69,snpp,Huristak , Padang Lawas , Sumatera Utara 
1.3207,99.9425,2015-06-23,06:48:00,100,snpp,Huristak , Padang Lawas , Sumatera Utara 
1.31966,99.9356,2015-06-23,06:48:00,97,snpp,Huristak , Padang Lawas , Sumatera Utara 
1.37592,99.8628,2015-06-23,06:48:00,78,snpp,Huristak , Padang Lawas , Sumatera Utara 
1.37488,99.8559,2015-06-23,06:48:00,66,snpp,Huristak , Padang Lawas , Sumatera Utara 
1.59406,101.22,2015-06-23,06:48:00,82,snpp,Tanah Putih , Rokan Hilir , Riau 
1.59298,101.213,2015-06-23,06:48:00,19,snpp,Tanah Putih , Rokan Hilir , Riau 
1.38295,99.8195,2015-06-23,06:48:00,72,snpp,Barumun Tengah , Padang Lawas , Sumatera Utara 
1.6008,101.219,2015-06-23,06:48:00,100,snpp,Tanah Putih , Rokan Hilir , Riau 
1.40313,99.9081,2015-06-23,06:48:00,74,snpp,Huristak , Padang Lawas , Sumatera Utara 
1.28491,98.9461,2015-06-23,06:48:00,77,snpp,Huristak , Padang Lawas , Sumatera Utara 
1.53464,99.527,2015-06-23,06:48:00,82,snpp,Padang Bolak Julu , Padang Lawas Utara , Sumatera Utara 
1.72954,100.729,2015-06-23,06:48:00,71,snpp,Bangko , Rokan Hilir , Riau 
1.73727,100.735,2015-06-23,06:48:00,98,snpp,Bangko , Rokan Hilir , Riau 
1.73623,100.728,2015-06-23,06:48:00,100,snpp,Bangko , Rokan Hilir , Riau 
1.73516,100.721,2015-06-23,06:48:00,40,snpp,Bangko , Rokan Hilir , Riau 
1.96063,100.873,2015-06-23,06:48:00,65,snpp,Bangko , Rokan Hilir , Riau 
1.89267,100.376,2015-06-23,06:48:00,48,snpp,Bagan Sinembah , Rokan Hilir , Riau 
1.89828,100.368,2015-06-23,06:48:00,72,snpp,Bagan Sinembah , Rokan Hilir , Riau 
1.92137,100.386,2015-06-23,06:48:00,77,snpp,Bagan Sinembah , Rokan Hilir , Riau 
1.74285,99.2046,2015-06-23,06:48:00,80,snpp,Pahaejae , Tapanuli Utara , Sumatera Utara 
1.93781,100.405,2015-06-23,06:48:00,100,snpp,Bagan Sinembah , Rokan Hilir , Riau 
1.93677,100.398,2015-06-23,06:48:00,100,snpp,Bagan Sinembah , Rokan Hilir , Riau 
1.93572,100.391,2015-06-23,06:48:00,89,snpp,Bagan Sinembah , Rokan Hilir , Riau 
1.72125,98.8352,2015-06-23,06:48:00,51,snpp,Kolang , Tapanuli Tengah , Sumatera Utara 
2.07389,100.906,2015-06-23,06:48:00,92,snpp,Bangko , Rokan Hilir , Riau 
1.79126,98.6721,2015-06-23,06:48:00,88,snpp,Kolang , Tapanuli Tengah , Sumatera Utara 
2.11786,100.526,2015-06-23,06:48:00,83,snpp,Bagan Sinembah , Rokan Hilir , Riau 
2.12453,100.525,2015-06-23,06:48:00,92,snpp,Bagan Sinembah , Rokan Hilir , Riau 
2.033,99.6477,2015-06-23,06:48:00,71,snpp,Na Ix - X , Labuhanbatu Utara , Sumatera Utara 
2.14843,100.322,2015-06-23,06:48:00,86,snpp,Kampung Rakyat , Labuhan Batu Selatan , Sumatera Utara 
1.95366,98.8139,2015-06-23,06:48:00,90,snpp,Adianko Ting , Tapanuli Utara , Sumatera Utara 
2.26272,100.362,2015-06-23,06:48:00,91,snpp,Bagan Sinembah , Rokan Hilir , Riau 
2.24935,99.5581,2015-06-23,06:48:00,58,snpp,Aeknatas , Labuhanbatu Utara , Sumatera Utara 
2.19064,98.8146,2015-06-23,06:48:00,58,snpp,Lintong Nihuta , Humbang Hasundutan , Sumatera Utara 
2.28308,99.3337,2015-06-23,06:48:00,75,snpp,Habinsaran , Toba Samosir , Sumatera Utara 
2.37124,99.5169,2015-06-23,06:48:00,28,snpp,Nassau , Toba Samosir , Sumatera Utara 
2.27893,98.4595,2015-06-23,06:48:00,81,snpp,Tarabintang , Humbang Hasundutan , Sumatera Utara 
2.27912,98.4153,2015-06-23,06:48:00,40,snpp,Tarabintang , Humbang Hasundutan , Sumatera Utara 
2.2748,98.3868,2015-06-23,06:48:00,100,snpp,Tarabintang , Humbang Hasundutan , Sumatera Utara 
2.28588,98.4144,2015-06-23,06:48:00,57,snpp,Tarabintang , Humbang Hasundutan , Sumatera Utara 
2.2837,98.4,2015-06-23,06:48:00,62,snpp,Tarabintang , Humbang Hasundutan , Sumatera Utara 
2.28286,98.3488,2015-06-23,06:48:00,82,snpp,Tarabintang , Humbang Hasundutan , Sumatera Utara 
2.28962,98.3478,2015-06-23,06:48:00,88,snpp,Tarabintang , Humbang Hasundutan , Sumatera Utara 
2.58015,100.184,2015-06-23,06:48:00,30,snpp,Panei Hilir , Labuhanbatu , Sumatera Utara 
2.31901,98.3281,2015-06-23,06:48:00,90,snpp,Panei Hilir , Labuhanbatu , Sumatera Utara 
2.58775,99.384,2015-06-23,06:48:00,41,snpp,Aek Songsongan , Asahan , Sumatera Utara 
2.45273,98.2709,2015-06-23,06:48:00,92,snpp,Salak , Pakpak Bhara , Sumatera Utara 
2.48198,98.2815,2015-06-23,06:48:00,100,snpp,Salak , Pakpak Bhara , Sumatera Utara 
2.47246,98.1268,2015-06-23,06:48:00,81,snpp,Pagindar , Pakpak Bhara , Sumatera Utara 
2.47925,98.1257,2015-06-23,06:48:00,64,snpp,Pagindar , Pakpak Bhara , Sumatera Utara 
2.67553,99.159,2015-06-23,06:48:00,58,snpp,Bandar Pasir Mandoge , Asahan , Sumatera Utara 
2.55477,98.0927,2015-06-23,06:48:00,81,snpp,Sitelu Tali Urang Jehe , Pakpak Bhara , Sumatera Utara 
2.55366,98.0854,2015-06-23,06:48:00,73,snpp,Sitelu Tali Urang Jehe , Pakpak Bhara , Sumatera Utara 
3.21877,98.8181,2015-06-23,06:48:00,84,snpp,Sitelu Tali Urang Jehe , Pakpak Bhara , Sumatera Utara 
3.22543,98.8171,2015-06-23,06:48:00,65,snpp,Sitelu Tali Urang Jehe , Pakpak Bhara , Sumatera Utara 
3.16867,98.3971,2015-06-23,06:48:00,100,snpp,Sitelu Tali Urang Jehe , Pakpak Bhara , Sumatera Utara 
3.78222,96.5988,2015-06-23,06:48:00,53,snpp,Sitelu Tali Urang Jehe , Pakpak Bhara , Sumatera Utara 
3.96404,97.4056,2015-06-23,06:48:00,70,snpp,Putribetung , Gayo Lues , Aceh 
5.15616,97.3769,2015-06-23,06:48:00,24,snpp,Putribetung , Gayo Lues , Aceh 
5,95.4415,2015-06-23,06:50:00,81,snpp,Putribetung , Gayo Lues , Aceh 
5.62733,95.4279,2015-06-23,06:50:00,100,snpp,Darussalam , Aceh Besar , Aceh 
5.62935,95.4285,2015-06-23,06:50:00,100,snpp,Darussalam , Aceh Besar , Aceh 
-9,120.408,2015-06-24,06:25:00,77,snpp,Darussalam , Aceh Besar , Aceh 
-8.1273,114.054,2015-06-24,06:25:00,51,snpp,Tlogosari , Bondowoso , Jawa Timur 
-8.11613,114.064,2015-06-24,06:25:00,68,snpp,Tlogosari , Bondowoso , Jawa Timur 
-8.11788,114.053,2015-06-24,06:25:00,96,snpp,Tlogosari , Bondowoso , Jawa Timur 
-7,111.353,2015-06-24,06:26:00,78,snpp,Banjarejo , Blora , Jawa Tengah 
-7.58823,111.654,2015-06-24,06:26:00,84,snpp,Mejayan , Madiun , Jawa Timur 
-5.1442,105.812,2015-06-24,06:26:00,72,snpp,Sukadana , Lampung Timur , Lampung 
-4.83975,105.772,2015-06-24,06:26:00,59,snpp,Sukadana , Lampung Timur , Lampung 
-4.84288,105.121,2015-06-24,06:26:00,73,snpp,Way Pangubuan , Lampung Tengah , Lampung 
-4.72231,105.16,2015-06-24,06:26:00,45,snpp,Nunyai , Lampung Tengah , Lampung 
-4.66247,105.195,2015-06-24,06:26:00,90,snpp,Nunyai , Lampung Tengah , Lampung 
-3,105.79,2015-06-24,06:28:00,94,snpp,Tulung Selapan , Ogan Komering Ilir , Sumatera Selatan 
-3.77729,105.783,2015-06-24,06:28:00,81,snpp,Cengal , Ogan Komering Ilir , Sumatera Selatan 
-3.09539,108.089,2015-06-24,06:28:00,65,snpp,Cengal , Ogan Komering Ilir , Sumatera Selatan 
-3.54037,104.668,2015-06-24,06:28:00,57,snpp,Tanjung Buluk , Ogan Komering Ilir , Sumatera Selatan 
-3.27051,105.825,2015-06-24,06:28:00,53,snpp,Tulung Selapan , Ogan Komering Ilir , Sumatera Selatan 
-3.36688,104.202,2015-06-24,06:28:00,100,snpp,Cambai , Kota Prabumulih , Sumatera Selatan 
-3.53878,103.056,2015-06-24,06:28:00,56,snpp,Tebing Tinggi , Empat Lawang , Sumatera Selatan 
-3.41975,103.031,2015-06-24,06:28:00,79,snpp,Tebing Tinggi , Empat Lawang , Sumatera Selatan 
-3.11263,103.735,2015-06-24,06:28:00,100,snpp,Sungai Keruh , Musi Banyuasin , Sumatera Selatan 
-3.11376,103.728,2015-06-24,06:28:00,73,snpp,Sungai Keruh , Musi Banyuasin , Sumatera Selatan 
-2.97208,103.089,2015-06-24,06:28:00,47,snpp,Muara Kelingi , Musi Rawas , Sumatera Selatan 
-2.76368,103.947,2015-06-24,06:28:00,100,snpp,Sekayu , Musi Banyuasin , Sumatera Selatan 
-2.76478,103.94,2015-06-24,06:28:00,87,snpp,Sekayu , Musi Banyuasin , Sumatera Selatan 
-2.75686,103.946,2015-06-24,06:28:00,100,snpp,Sekayu , Musi Banyuasin , Sumatera Selatan 
-2.41128,104.804,2015-06-24,06:28:00,67,snpp,Sekayu , Musi Banyuasin , Sumatera Selatan 
-2.62513,103.386,2015-06-24,06:28:00,65,snpp,Babattoman , Musi Banyuasin , Sumatera Selatan 
-2.50262,103.243,2015-06-24,06:28:00,76,snpp,Babattoman , Musi Banyuasin , Sumatera Selatan 
-2.21246,103.456,2015-06-24,06:28:00,100,snpp,Banyunglincir , Musi Banyuasin , Sumatera Selatan 
-2.07546,104.256,2015-06-24,06:28:00,58,snpp,Muara Telang , Banyuasin , Sumatera Selatan 
-1.91989,105.239,2015-06-24,06:28:00,99,snpp,Muara Telang , Banyuasin , Sumatera Selatan 
-2.13435,103.635,2015-06-24,06:28:00,67,snpp,Banyunglincir , Musi Banyuasin , Sumatera Selatan 
-2.12972,103.619,2015-06-24,06:28:00,70,snpp,Banyunglincir , Musi Banyuasin , Sumatera Selatan 
-1.98896,104.111,2015-06-24,06:28:00,74,snpp,Banyunglincir , Musi Banyuasin , Sumatera Selatan 
-2.38676,100.955,2015-06-24,06:28:00,32,snpp,Pancung Soal , Pesisir Selatan , Sumatera Barat 
-1.93984,103.838,2015-06-24,06:28:00,100,snpp,Banyunglincir , Musi Banyuasin , Sumatera Selatan 
-1.85106,104.127,2015-06-24,06:28:00,78,snpp,Muara Telang , Banyuasin , Sumatera Selatan 
-2.09884,102.48,2015-06-24,06:28:00,66,snpp,Bangko , Merangin , Jambi 
-2.04612,102.439,2015-06-24,06:28:00,75,snpp,Bangko , Merangin , Jambi 
-1.80193,104.009,2015-06-24,06:28:00,58,snpp,Sungai Gelam , Muaro Jambi , Jambi 
-1.76324,104.128,2015-06-24,06:28:00,93,snpp,Kumpeh , Muaro Jambi , Jambi 
-1.75973,104.106,2015-06-24,06:28:00,85,snpp,Kumpeh , Muaro Jambi , Jambi 
-1.75163,104.068,2015-06-24,06:28:00,68,snpp,Kumpeh , Muaro Jambi , Jambi 
-1.72065,104.136,2015-06-24,06:28:00,100,snpp,Kumpeh , Muaro Jambi , Jambi 
-1.73783,104.022,2015-06-24,06:28:00,100,snpp,Kumpeh , Muaro Jambi , Jambi 
-1.94473,102.315,2015-06-24,06:28:00,64,snpp,Rantau Panjang , Merangin , Jambi 
-1.59304,103.778,2015-06-24,06:28:00,54,snpp,Kumpeh Ulu , Muaro Jambi , Jambi 
-1.78146,102.435,2015-06-24,06:28:00,100,snpp,Rantau Panjang , Merangin , Jambi 
-1.7827,102.427,2015-06-24,06:28:00,68,snpp,Rantau Panjang , Merangin , Jambi 
-1.7119,102.607,2015-06-24,06:28:00,38,snpp,Tebo Tengah , Tebo , Jambi 
-1.70478,102.606,2015-06-24,06:28:00,76,snpp,Tebo Tengah , Tebo , Jambi 
-1.30685,104.059,2015-06-24,06:28:00,81,snpp,Kumpeh , Muaro Jambi , Jambi 
0.147942,110.364,2015-06-24,06:28:00,54,snpp,Bodok , Sanggau , Kalimantan Barat 
-1.14529,101.744,2015-06-24,06:28:00,93,snpp,Koto Baru , Dharmasraya , Sumatera Barat 
-1.10575,101.906,2015-06-24,06:28:00,60,snpp,Tebo Ulu , Tebo , Jambi 
-1.165,101.412,2015-06-24,06:28:00,78,snpp,Pulau Punjung , Dharmasraya , Sumatera Barat 
-0.977971,102.23,2015-06-24,06:28:00,73,snpp,Tebo Ilir , Tebo , Jambi 
-0.932333,102.24,2015-06-24,06:28:00,100,snpp,Seberida , Indragiri Hulu , Riau 
-0.917973,102.238,2015-06-24,06:28:00,37,snpp,Seberida , Indragiri Hulu , Riau 
-0.92004,102.001,2015-06-24,06:28:00,65,snpp,Tebo Ulu , Tebo , Jambi 
-0.88419,102.09,2015-06-24,06:28:00,61,snpp,Seberida , Indragiri Hulu , Riau 
-0.765375,102.776,2015-06-24,06:28:00,81,snpp,Keritang , Indragiri Hilir , Riau 
-0.708138,102.728,2015-06-24,06:28:00,62,snpp,Keritang , Indragiri Hilir , Riau 
-0.606919,102.824,2015-06-24,06:28:00,70,snpp,Keritang , Indragiri Hilir , Riau 
-0.50149,101.717,2015-06-24,06:28:00,65,snpp,Kuatan Hilir , Kuantan Singingi , Riau 
-0.0447382,104.588,2015-06-24,06:28:00,100,snpp,Kuatan Hilir , Kuantan Singingi , Riau 
-0.0380855,104.587,2015-06-24,06:28:00,100,snpp,Kuatan Hilir , Kuantan Singingi , Riau 
-0.403342,102.022,2015-06-24,06:28:00,84,snpp,Pasir Penyu , Indragiri Hulu , Riau 
-0.248281,102.009,2015-06-24,06:28:00,71,snpp,Pangkalan Kuras , Pelalawan , Riau 
-0.227558,101.853,2015-06-24,06:28:00,98,snpp,Pangkalan Kuras , Pelalawan , Riau 
-0.201761,101.925,2015-06-24,06:28:00,100,snpp,Pangkalan Kuras , Pelalawan , Riau 
-0.182507,101.906,2015-06-24,06:28:00,23,snpp,Pangkalan Kuras , Pelalawan , Riau 
-0.183322,101.726,2015-06-24,06:28:00,96,snpp,Pangkalan Kuras , Pelalawan , Riau 
0.0968449,103.515,2015-06-24,06:28:00,100,snpp,Enok , Indragiri Hilir , Riau 
-0.176701,101.523,2015-06-24,06:28:00,95,snpp,Kuatan Hilir , Kuantan Singingi , Riau 
-0.16059,101.529,2015-06-24,06:28:00,100,snpp,Kuatan Hilir , Kuantan Singingi , Riau 
0.0314747,101.067,2015-06-24,06:28:00,82,snpp,Kampar Kiri , Kampar , Riau 
0.720433,104.241,2015-06-24,06:28:00,100,snpp,Kampar Kiri , Kampar , Riau 
0.719373,104.234,2015-06-24,06:28:00,100,snpp,Kampar Kiri , Kampar , Riau 
0.727091,104.24,2015-06-24,06:28:00,100,snpp,Kampar Kiri , Kampar , Riau 
0.726034,104.233,2015-06-24,06:28:00,100,snpp,Kampar Kiri , Kampar , Riau 
0,100.509,2015-06-24,06:29:00,65,snpp,Suliki Gunungmas , Lima Puluh Koto , Sumatera Barat 
0.728692,102.88,2015-06-24,06:29:00,51,snpp,Suliki Gunungmas , Lima Puluh Koto , Sumatera Barat 
0.266275,99.3596,2015-06-24,06:29:00,30,snpp,Suliki Gunungmas , Lima Puluh Koto , Sumatera Barat 
0.444234,100.482,2015-06-24,06:29:00,72,snpp,Tiga Belas Koto Kampar , Kampar , Riau 
0.570687,101.16,2015-06-24,06:29:00,55,snpp,Tapung , Kampar , Riau 
1.06099,102.325,2015-06-24,06:29:00,88,snpp,Tapung , Kampar , Riau 
0.995609,99.8509,2015-06-24,06:29:00,78,snpp,Sosa , Padang Lawas , Sumatera Utara 
1.12774,99.8433,2015-06-24,06:29:00,63,snpp,Sosa , Padang Lawas , Sumatera Utara 
1.38017,100.661,2015-06-24,06:29:00,56,snpp,Tanah Putih , Rokan Hilir , Riau 
1.31217,99.965,2015-06-24,06:29:00,85,snpp,Huristak , Padang Lawas , Sumatera Utara 
1.31061,99.9549,2015-06-24,06:29:00,71,snpp,Huristak , Padang Lawas , Sumatera Utara 
1.36991,99.9061,2015-06-24,06:29:00,61,snpp,Huristak , Padang Lawas , Sumatera Utara 
1.3532,99.533,2015-06-24,06:29:00,55,snpp,Padang Bolak Julu , Padang Lawas Utara , Sumatera Utara 
1.59016,100.873,2015-06-24,06:29:00,59,snpp,Tanah Putih , Rokan Hilir , Riau 
1.4502,99.4067,2015-06-24,06:29:00,66,snpp,Batang Toru , Tapanuli Selatan , Sumatera Utara 
1.44911,99.3996,2015-06-24,06:29:00,69,snpp,Batang Toru , Tapanuli Selatan , Sumatera Utara 
1.73089,100.734,2015-06-24,06:29:00,66,snpp,Bangko , Rokan Hilir , Riau 
1.72947,100.725,2015-06-24,06:29:00,80,snpp,Bangko , Rokan Hilir , Riau 
1.73703,100.724,2015-06-24,06:29:00,70,snpp,Bangko , Rokan Hilir , Riau 
1.98141,101.316,2015-06-24,06:29:00,62,snpp,Dumai Barat , Kota Dumai , Riau 
1.90886,100.388,2015-06-24,06:29:00,58,snpp,Bagan Sinembah , Rokan Hilir , Riau 
1.95106,100.611,2015-06-24,06:29:00,63,snpp,Bagan Sinembah , Rokan Hilir , Riau 
1.93336,100.394,2015-06-24,06:29:00,61,snpp,Bagan Sinembah , Rokan Hilir , Riau 
2.10892,100.884,2015-06-24,06:29:00,76,snpp,Bangko , Rokan Hilir , Riau 
2.10483,100.857,2015-06-24,06:29:00,74,snpp,Bangko , Rokan Hilir , Riau 
2.03406,99.6456,2015-06-24,06:29:00,82,snpp,Na Ix - X , Labuhanbatu Utara , Sumatera Utara 
2.27669,98.3706,2015-06-24,06:29:00,53,snpp,Tarabintang , Humbang Hasundutan , Sumatera Utara 
2.37279,98.1281,2015-06-24,06:29:00,87,snpp,Danau Paris , Aceh Singkil , Aceh 
2.54946,98.1038,2015-06-24,06:29:00,39,snpp,Pagindar , Pakpak Bhara , Sumatera Utara 
2.5481,98.0951,2015-06-24,06:29:00,83,snpp,Pagindar , Pakpak Bhara , Sumatera Utara 
2.55833,98.1026,2015-06-24,06:29:00,88,snpp,Sitelu Tali Urang Jehe , Pakpak Bhara , Sumatera Utara 
2.57605,98.1001,2015-06-24,06:29:00,71,snpp,Sitelu Tali Urang Jehe , Pakpak Bhara , Sumatera Utara 
3.05309,98.8957,2015-06-24,06:29:00,63,snpp,Sitelu Tali Urang Jehe , Pakpak Bhara , Sumatera Utara 
-7,112.627,2015-06-24,17:31:00,93,snpp,Sitelu Tali Urang Jehe , Pakpak Bhara , Sumatera Utara 
-8.11343,114.056,2015-06-24,17:31:00,86,snpp,Tlogosari , Bondowoso , Jawa Timur 
-8.12107,114.055,2015-06-24,17:31:00,100,snpp,Tlogosari , Bondowoso , Jawa Timur 
-7.96602,137.914,2015-06-25,04:25:00,61,snpp,Waan , Merauke , Papua 
-7.54728,138.665,2015-06-25,04:25:00,74,snpp,Tabonji , Merauke , Papua 
-6,134.13,2015-06-25,04:26:00,46,snpp,Tabonji , Merauke , Papua 
-9,119.795,2015-06-25,06:06:00,68,snpp,Tabonji , Merauke , Papua 
-9.40785,119.734,2015-06-25,06:06:00,42,snpp,Umbu Ratu Nggay , Kab. Sumba Tengah , Nusa Tenggara Timur 
-9.37472,119.863,2015-06-25,06:06:00,100,snpp,Umbu Ratu Nggay , Kab. Sumba Tengah , Nusa Tenggara Timur 
-8,114.062,2015-06-25,06:07:00,100,snpp,Suko Sari , Bondowoso , Jawa Timur 
-8.11943,114.054,2015-06-25,06:07:00,100,snpp,Tlogosari , Bondowoso , Jawa Timur 
-8.12068,114.046,2015-06-25,06:07:00,89,snpp,Tlogosari , Bondowoso , Jawa Timur 
-7.82317,114.286,2015-06-25,06:07:00,98,snpp,Banyuputih , Situbondo , Jawa Timur 
-7.70996,112.287,2015-06-25,06:07:00,72,snpp,Bareng , Jombang , Jawa Timur 
-7.0934,110.781,2015-06-25,06:07:00,76,snpp,Karangrayung , Grobogan , Jawa Tengah 
-7.05638,110.487,2015-06-25,06:07:00,97,snpp,Tembalang , Kota Semarang , Jawa Tengah 
-6.99282,109.03,2015-06-25,06:07:00,93,snpp,Pagerbarang , Tegal , Jawa Tengah 
-6.42979,107.7,2015-06-25,06:07:00,68,snpp,Pagerbarang , Tegal , Jawa Tengah 
-6.43104,107.692,2015-06-25,06:07:00,74,snpp,Pagerbarang , Tegal , Jawa Tengah 
-4.47099,105.701,2015-06-25,06:07:00,83,snpp,Gedung Meneng , Tulang Bawang , Lampung 
-4.46286,105.7,2015-06-25,06:07:00,92,snpp,Gedung Meneng , Tulang Bawang , Lampung 
-4.46389,105.693,2015-06-25,06:07:00,54,snpp,Gedung Meneng , Tulang Bawang , Lampung 
-4,105.374,2015-06-25,06:09:00,71,snpp,Gedung Meneng , Tulang Bawang , Lampung 
-4.37911,105.374,2015-06-25,06:09:00,39,snpp,Gedung Meneng , Tulang Bawang , Lampung 
-4.36654,104.309,2015-06-25,06:09:00,62,snpp,Martapura , Ogan Komering Ulu Timur , Sumatera Selatan 
-2.86737,112.265,2015-06-25,06:09:00,67,snpp,Martapura , Ogan Komering Ulu Timur , Sumatera Selatan 
-3.78032,105.787,2015-06-25,06:09:00,58,snpp,Cengal , Ogan Komering Ilir , Sumatera Selatan 
-3.77884,105.79,2015-06-25,06:09:00,79,snpp,Cengal , Ogan Komering Ilir , Sumatera Selatan 
-3.9236,104.707,2015-06-25,06:09:00,59,snpp,Cempaka , Ogan Komering Ulu Timur , Sumatera Selatan 
-3.87285,104.074,2015-06-25,06:09:00,100,snpp,Tanjung Agung , Muara Enim , Sumatera Selatan 
-3.87414,104.066,2015-06-25,06:09:00,98,snpp,Tanjung Agung , Muara Enim , Sumatera Selatan 
-3.34402,103.96,2015-06-25,06:09:00,71,snpp,Talang Ubi , Penukal Abab Lematang Ilir , Sumatera Selatan 
-3.22535,104.036,2015-06-25,06:09:00,100,snpp,Penukal , Penukal Abab Lematang Ilir , Sumatera Selatan 
-2.24006,110.522,2015-06-25,06:09:00,71,snpp,Singkup , Ketapang , Kalimantan Barat 
-3.12778,104.156,2015-06-25,06:09:00,100,snpp,Abab , Penukal Abab Lematang Ilir , Sumatera Selatan 
-3.20169,103.201,2015-06-25,06:09:00,66,snpp,Jayaloka , Musi Rawas , Sumatera Selatan 
-1.96272,111.546,2015-06-25,06:09:00,68,snpp,Bulik Timur , Lamandau , Kalimantan Tengah 
-2.68185,105.942,2015-06-25,06:09:00,71,snpp,Bulik Timur , Lamandau , Kalimantan Tengah 
-2.61564,106.092,2015-06-25,06:09:00,48,snpp,Bulik Timur , Lamandau , Kalimantan Tengah 
-1.78912,111.402,2015-06-25,06:09:00,96,snpp,Belantika Raya , Lamandau , Kalimantan Tengah 
-1.7902,111.395,2015-06-25,06:09:00,45,snpp,Belantika Raya , Lamandau , Kalimantan Tengah 
-2.76032,104.456,2015-06-25,06:09:00,100,snpp,Betung , Banyuasin , Sumatera Selatan 
-2.82058,103.929,2015-06-25,06:09:00,61,snpp,Lais , Musi Banyuasin , Sumatera Selatan 
-2.41756,106.278,2015-06-25,06:09:00,72,snpp,Lais , Musi Banyuasin , Sumatera Selatan 
-1.35182,113.331,2015-06-25,06:09:00,35,snpp,Lais , Musi Banyuasin , Sumatera Selatan 
-2.32919,105.949,2015-06-25,06:09:00,35,snpp,Lais , Musi Banyuasin , Sumatera Selatan 
-2.43572,101.035,2015-06-25,06:09:00,69,snpp,Pancung Soal , Pesisir Selatan , Sumatera Barat 
-2.16584,102.488,2015-06-25,06:09:00,69,snpp,Bangko , Merangin , Jambi 
-2.15605,102.487,2015-06-25,06:09:00,96,snpp,Bangko , Merangin , Jambi 
-1.93838,103.837,2015-06-25,06:09:00,84,snpp,Banyunglincir , Musi Banyuasin , Sumatera Selatan 
-0.98111,110,2015-06-25,06:09:00,52,snpp,Simpang Hilir , Kayong Utara , Kalimantan Barat 
-2.02796,102.763,2015-06-25,06:09:00,63,snpp,Pauh , Sarolangun , Jambi 
-1.84448,103.931,2015-06-25,06:09:00,50,snpp,Banyunglincir , Musi Banyuasin , Sumatera Selatan 
-1.76118,104.133,2015-06-25,06:09:00,67,snpp,Kumpeh , Muaro Jambi , Jambi 
-0.913177,109.778,2015-06-25,06:09:00,74,snpp,Seponti , Kayong Utara , Kalimantan Barat 
-1.73866,104.097,2015-06-25,06:09:00,100,snpp,Kumpeh , Muaro Jambi , Jambi 
-1.72375,104.137,2015-06-25,06:09:00,63,snpp,Kumpeh , Muaro Jambi , Jambi 
-1.73124,104.028,2015-06-25,06:09:00,70,snpp,Kumpeh , Muaro Jambi , Jambi 
-1.61257,103.74,2015-06-25,06:09:00,58,snpp,Sungai Gelam , Muaro Jambi , Jambi 
-1.60476,103.74,2015-06-25,06:09:00,82,snpp,Kumpeh Ulu , Muaro Jambi , Jambi 
-1.6061,103.732,2015-06-25,06:09:00,37,snpp,Sungai Gelam , Muaro Jambi , Jambi 
-0.326928,109.496,2015-06-25,06:09:00,60,snpp,Sungairaya , Kubu Raya , Kalimantan Barat 
-1.239,102.372,2015-06-25,06:09:00,97,snpp,Tebo Ilir , Tebo , Jambi 
0.130194,109.481,2015-06-25,06:09:00,62,snpp,Kuala Mandor B , Kubu Raya , Kalimantan Barat 
-0.95487,102.254,2015-06-25,06:09:00,100,snpp,Tebo Ilir , Tebo , Jambi 
-0.993792,102.001,2015-06-25,06:09:00,65,snpp,Tebo Ulu , Tebo , Jambi 
-0.92722,102.239,2015-06-25,06:09:00,86,snpp,Seberida , Indragiri Hulu , Riau 
-0.899859,101.784,2015-06-25,06:09:00,76,snpp,Kuatan Mudik , Kuantan Singingi , Riau 
-0.77167,101.578,2015-06-25,06:09:00,89,snpp,Kuatan Mudik , Kuantan Singingi , Riau 
-0.772544,101.572,2015-06-25,06:09:00,81,snpp,Kuatan Mudik , Kuantan Singingi , Riau 
-0.761446,101.577,2015-06-25,06:09:00,98,snpp,Kuatan Mudik , Kuantan Singingi , Riau 
-0.762351,101.571,2015-06-25,06:09:00,94,snpp,Kuatan Mudik , Kuantan Singingi , Riau 
-0.188747,101.896,2015-06-25,06:09:00,71,snpp,Pangkalan Kuras , Pelalawan , Riau 
-0.197113,101.841,2015-06-25,06:09:00,50,snpp,Pangkalan Kuras , Pelalawan , Riau 
-0.190685,101.748,2015-06-25,06:09:00,92,snpp,Pangkalan Kuras , Pelalawan , Riau 
0.0849889,103.533,2015-06-25,06:09:00,25,snpp,Enok , Indragiri Hilir , Riau 
0.0851719,103.534,2015-06-25,06:09:00,65,snpp,Enok , Indragiri Hilir , Riau 
-0.194859,101.752,2015-06-25,06:09:00,85,snpp,Pangkalan Kuras , Pelalawan , Riau 
-0.153689,101.688,2015-06-25,06:09:00,59,snpp,Langgam , Pelalawan , Riau 
-0.143676,101.686,2015-06-25,06:09:00,50,snpp,Langgam , Pelalawan , Riau 
-0.157074,101.531,2015-06-25,06:09:00,71,snpp,Kuatan Hilir , Kuantan Singingi , Riau 
-0.100973,101.539,2015-06-25,06:09:00,51,snpp,Langgam , Pelalawan , Riau 
0.123385,102.67,2015-06-25,06:09:00,32,snpp,Kuala Kampar , Pelalawan , Riau 
-0.0105581,101.658,2015-06-25,06:09:00,100,snpp,Langgam , Pelalawan , Riau 
-0.00054296,101.656,2015-06-25,06:09:00,64,snpp,Langgam , Pelalawan , Riau 
1.27408,109.982,2015-06-25,06:09:00,100,snpp,Jagoi Babang , Bengkayang , Kalimantan Barat 
1.28008,109.98,2015-06-25,06:09:00,100,snpp,Jagoi Babang , Bengkayang , Kalimantan Barat 
1.25603,109.236,2015-06-25,06:09:00,86,snpp,Sebawi , Sambas , Kalimantan Barat 
1,109.297,2015-06-25,06:10:00,63,snpp,Sungai Betung , Bengkayang , Kalimantan Barat 
0.733086,102.126,2015-06-25,06:10:00,28,snpp,Siak Sri Indrapura , Siak , Riau 
1.50112,101.728,2015-06-25,06:10:00,38,snpp,Siak Sri Indrapura , Siak , Riau 
1.58113,102.112,2015-06-25,06:10:00,42,snpp,Bengkalis , Bengkalis , Riau 
1.59715,101.229,2015-06-25,06:10:00,55,snpp,Tanah Putih , Rokan Hilir , Riau 
1.59623,101.223,2015-06-25,06:10:00,56,snpp,Tanah Putih , Rokan Hilir , Riau 
1.7341,101.604,2015-06-25,06:10:00,93,snpp,Rupat , Bengkalis , Riau 
1.93436,101.513,2015-06-25,06:10:00,29,snpp,Rupat , Bengkalis , Riau 
1.94952,100.613,2015-06-25,06:10:00,58,snpp,Bagan Sinembah , Rokan Hilir , Riau 
1.94853,100.607,2015-06-25,06:10:00,66,snpp,Bagan Sinembah , Rokan Hilir , Riau 
1.9684,100.598,2015-06-25,06:10:00,93,snpp,Bagan Sinembah , Rokan Hilir , Riau 
1.96741,100.591,2015-06-25,06:10:00,76,snpp,Bagan Sinembah , Rokan Hilir , Riau 
2.20679,98.369,2015-06-25,06:10:00,63,snpp,Pakkat , Humbang Hasundutan , Sumatera Utara 
2.27222,98.4694,2015-06-25,06:10:00,95,snpp,Tarabintang , Humbang Hasundutan , Sumatera Utara 
2.27091,98.4612,2015-06-25,06:10:00,58,snpp,Tarabintang , Humbang Hasundutan , Sumatera Utara 
2.48763,98.1299,2015-06-25,06:10:00,37,snpp,Pagindar , Pakpak Bhara , Sumatera Utara 
2.48612,98.1207,2015-06-25,06:10:00,100,snpp,Pagindar , Pakpak Bhara , Sumatera Utara 
2.69307,98.0835,2015-06-25,06:10:00,63,snpp,Penanggalan , Kota Sulubussalam , Aceh 
2.98291,98.9821,2015-06-25,06:10:00,43,snpp,Penanggalan , Kota Sulubussalam , Aceh 
3.17155,98.3957,2015-06-25,06:10:00,99,snpp,Penanggalan , Kota Sulubussalam , Aceh 
3.16963,98.3842,2015-06-25,06:10:00,97,snpp,Penanggalan , Kota Sulubussalam , Aceh 
-8.00434,138.035,2015-06-26,04:06:00,75,snpp,Waan , Merauke , Papua 
-6,139.364,2015-06-26,04:07:00,78,snpp,Assue , Mappi , Papua 
-10,120.25,2015-06-26,05:47:00,85,snpp,Assue , Mappi , Papua 
-10.0579,120.817,2015-06-26,05:47:00,64,snpp,Assue , Mappi , Papua 
-10.0503,120.816,2015-06-26,05:47:00,72,snpp,Pahungalodu , Kab. Sumba Timur , Nusa Tenggara Timur 
-10.0022,120.733,2015-06-26,05:47:00,29,snpp,Pahungalodu , Kab. Sumba Timur , Nusa Tenggara Timur 
-9.99615,120.722,2015-06-26,05:47:00,92,snpp,Pahungalodu , Kab. Sumba Timur , Nusa Tenggara Timur 
-9.75766,119.916,2015-06-26,05:47:00,79,snpp,Pahungalodu , Kab. Sumba Timur , Nusa Tenggara Timur 
-9.52746,119.864,2015-06-26,05:47:00,64,snpp,Pahungalodu , Kab. Sumba Timur , Nusa Tenggara Timur 
-9.36009,119.883,2015-06-26,05:47:00,76,snpp,Pahungalodu , Kab. Sumba Timur , Nusa Tenggara Timur 
-8.6744,117.54,2015-06-26,05:47:00,55,snpp,Lopok , Sumbawa , Nusa Tenggara Barat 
-8.49303,118.15,2015-06-26,05:47:00,42,snpp,Lopok , Sumbawa , Nusa Tenggara Barat 
-8.48734,118.141,2015-06-26,05:47:00,21,snpp,Lopok , Sumbawa , Nusa Tenggara Barat 
-8.56321,117.559,2015-06-26,05:47:00,45,snpp,Lopok , Sumbawa , Nusa Tenggara Barat 
-8.53258,117.401,2015-06-26,05:47:00,69,snpp,Unteriwis , Sumbawa , Nusa Tenggara Barat 
-8,114.056,2015-06-26,05:48:00,96,snpp,Suko Sari , Bondowoso , Jawa Timur 
-8.12443,114.049,2015-06-26,05:48:00,96,snpp,Tlogosari , Bondowoso , Jawa Timur 
-8.11526,114.063,2015-06-26,05:48:00,47,snpp,Tlogosari , Bondowoso , Jawa Timur 
-8.11639,114.055,2015-06-26,05:48:00,100,snpp,Tlogosari , Bondowoso , Jawa Timur 
-8.1175,114.048,2015-06-26,05:48:00,96,snpp,Tlogosari , Bondowoso , Jawa Timur 
-8.11308,112.928,2015-06-26,05:48:00,25,snpp,Pronojiwo , Lumajang , Jawa Timur 
-8.1143,112.919,2015-06-26,05:48:00,82,snpp,Ampel Gading , Malang , Jawa Timur 
-7.72533,114.029,2015-06-26,05:48:00,70,snpp,Panji , Situbondo , Jawa Timur 
-7.72645,114.022,2015-06-26,05:48:00,66,snpp,Panji , Situbondo , Jawa Timur 
-7.12378,113.014,2015-06-26,05:48:00,68,snpp,Blega , Bangkalan , Jawa Timur 
-5.37455,119.546,2015-06-26,05:48:00,50,snpp,Polombangkeng Utara , Takalar , Sulawesi Selatan 
-3,115.098,2015-06-26,05:50:00,42,snpp,Tapin Selatan , Tapin , Kalimantan Selatan 
-2.61371,116.369,2015-06-26,05:50:00,33,snpp,Pamukan Selatan , Kotabaru , Kalimantan Selatan 
-3.77462,105.788,2015-06-26,05:50:00,67,snpp,Cengal , Ogan Komering Ilir , Sumatera Selatan 
-3.92815,104.703,2015-06-26,05:50:00,63,snpp,Semendawai Sk I , Ogan Komering Ulu Timur , Sumatera Selatan 
-2.69004,112.881,2015-06-26,05:50:00,50,snpp,Semendawai Sk I , Ogan Komering Ulu Timur , Sumatera Selatan 
-1.94167,113.614,2015-06-26,05:50:00,94,snpp,Semendawai Sk I , Ogan Komering Ulu Timur , Sumatera Selatan 
-1.90273,113.615,2015-06-26,05:50:00,81,snpp,Semendawai Sk I , Ogan Komering Ulu Timur , Sumatera Selatan 
-3.16173,104.124,2015-06-26,05:50:00,66,snpp,Abab , Penukal Abab Lematang Ilir , Sumatera Selatan 
-1.69889,113.349,2015-06-26,05:50:00,55,snpp,Abab , Penukal Abab Lematang Ilir , Sumatera Selatan 
-1.54389,112.988,2015-06-26,05:50:00,55,snpp,Abab , Penukal Abab Lematang Ilir , Sumatera Selatan 
-1.56179,112.434,2015-06-26,05:50:00,65,snpp,Antangkalang , Kotawaringin Timur , Kalimantan Tengah 
-1.61759,110.061,2015-06-26,05:50:00,99,snpp,Matan Hilir Utara , Ketapang , Kalimantan Barat 
-2.07003,104.25,2015-06-26,05:50:00,71,snpp,Muara Telang , Banyuasin , Sumatera Selatan 
-0.17038,116.682,2015-06-26,05:50:00,65,snpp,Muarakaman , Kutai Kartanegara , Kalimantan Timur 
-1.66293,105.939,2015-06-26,05:50:00,83,snpp,Muarakaman , Kutai Kartanegara , Kalimantan Timur 
-1.84824,103.932,2015-06-26,05:50:00,70,snpp,Banyunglincir , Musi Banyuasin , Sumatera Selatan 
-1.79836,104.017,2015-06-26,05:50:00,65,snpp,Kumpeh , Muaro Jambi , Jambi 
-1.80637,103.963,2015-06-26,05:50:00,59,snpp,Banyunglincir , Musi Banyuasin , Sumatera Selatan 
-1.75727,104.129,2015-06-26,05:50:00,57,snpp,Kumpeh , Muaro Jambi , Jambi 
-1.72337,104.134,2015-06-26,05:50:00,80,snpp,Kumpeh , Muaro Jambi , Jambi 
-1.69919,103.967,2015-06-26,05:50:00,78,snpp,Sungai Gelam , Muaro Jambi , Jambi 
0.58593,117.488,2015-06-26,05:50:00,23,snpp,Sungai Gelam , Muaro Jambi , Jambi 
0.0759796,111.596,2015-06-26,05:50:00,83,snpp,Sintang , Sintang , Kalimantan Barat 
0.105509,111.5,2015-06-26,05:50:00,82,snpp,Sintang , Sintang , Kalimantan Barat 
-1.1228,102.77,2015-06-26,05:50:00,29,snpp,Tungkalulu , Tanjung Jabung Barat , Jambi 
-0.987822,102.259,2015-06-26,05:50:00,65,snpp,Tebo Ilir , Tebo , Jambi 
1.30292,117.185,2015-06-26,05:50:00,97,snpp,Tebo Ilir , Tebo , Jambi 
0.846192,110.881,2015-06-26,05:50:00,51,snpp,Ketungau Hulu , Sintang , Kalimantan Barat 
0.844881,110.872,2015-06-26,05:50:00,92,snpp,Ketungau Hulu , Sintang , Kalimantan Barat 
2.22088,117.991,2015-06-26,05:50:00,71,snpp,Ketungau Hulu , Sintang , Kalimantan Barat 
1,127.629,2015-06-26,16:50:00,65,snpp,Ketungau Hulu , Sintang , Kalimantan Barat 
-8,119.069,2015-06-26,16:53:00,53,snpp,Ketungau Hulu , Sintang , Kalimantan Barat 
-8.11537,114.036,2015-06-26,16:53:00,100,snpp,Tlogosari , Bondowoso , Jawa Timur 
-8.11954,114.057,2015-06-26,16:53:00,100,snpp,Tlogosari , Bondowoso , Jawa Timur 
3,98.3933,2015-06-26,18:31:00,100,snpp,Tlogosari , Bondowoso , Jawa Timur 
3.16508,98.4068,2015-06-26,18:31:00,51,snpp,Tlogosari , Bondowoso , Jawa Timur 
1.09848,101.694,2015-06-26,18:31:00,100,snpp,Siak , Siak , Riau 
1.32433,99.9267,2015-06-26,18:31:00,52,snpp,Huristak , Padang Lawas , Sumatera Utara 
0.308823,103.331,2015-06-26,18:31:00,97,snpp,Mandah , Indragiri Hilir , Riau 
-0.292902,104.451,2015-06-26,18:31:00,41,snpp,Mandah , Indragiri Hilir , Riau 
-0.299543,104.45,2015-06-26,18:31:00,100,snpp,Mandah , Indragiri Hilir , Riau 
-0.300624,104.457,2015-06-26,18:31:00,95,snpp,Mandah , Indragiri Hilir , Riau 
-0.215068,101.704,2015-06-26,18:31:00,75,snpp,Pangkalan Kuras , Pelalawan , Riau 
-0.948488,102.243,2015-06-26,18:31:00,100,snpp,Tebo Ilir , Tebo , Jambi 
-0.955318,102.242,2015-06-26,18:31:00,80,snpp,Tebo Ilir , Tebo , Jambi 
-0.997199,102.266,2015-06-26,18:31:00,46,snpp,Tebo Ilir , Tebo , Jambi 
-1.27985,104.058,2015-06-26,18:31:00,96,snpp,Tebo Ilir , Tebo , Jambi 
-1.30641,104.053,2015-06-26,18:31:00,48,snpp,Kumpeh , Muaro Jambi , Jambi 
-1.30749,104.06,2015-06-26,18:31:00,73,snpp,Kumpeh , Muaro Jambi , Jambi 
-1.31304,104.052,2015-06-26,18:31:00,100,snpp,Kumpeh , Muaro Jambi , Jambi 
-1.33083,103.732,2015-06-26,18:31:00,100,snpp,Muara Sabak , Tanjung Jabung Timur , Jambi 
-2,104.228,2015-06-26,18:32:00,73,snpp,Muara Telang , Banyuasin , Sumatera Selatan 
-4.56027,105.507,2015-06-26,18:32:00,100,snpp,Muara Telang , Banyuasin , Sumatera Selatan 
-4.56143,105.515,2015-06-26,18:32:00,100,snpp,Muara Telang , Banyuasin , Sumatera Selatan 
-8,114.051,2015-06-26,18:34:00,94,snpp,Suko Sari , Bondowoso , Jawa Timur 
-8.11294,114.061,2015-06-26,18:34:00,100,snpp,Tlogosari , Bondowoso , Jawa Timur 
-8.1241,114.048,2015-06-26,18:34:00,100,snpp,Tlogosari , Bondowoso , Jawa Timur 
-8.12543,114.058,2015-06-26,18:34:00,100,snpp,Tlogosari , Bondowoso , Jawa Timur 
-10,120.683,2015-06-27,05:28:00,68,snpp,Tlogosari , Bondowoso , Jawa Timur 
-10.0399,120.676,2015-06-27,05:28:00,86,snpp,Rindiumalulu , Kab. Sumba Timur , Nusa Tenggara Timur 
-9.8152,120.083,2015-06-27,05:28:00,89,snpp,Rindiumalulu , Kab. Sumba Timur , Nusa Tenggara Timur 
-9.7758,119.995,2015-06-27,05:28:00,63,snpp,Rindiumalulu , Kab. Sumba Timur , Nusa Tenggara Timur 
-9.74473,119.923,2015-06-27,05:28:00,34,snpp,Rindiumalulu , Kab. Sumba Timur , Nusa Tenggara Timur 
-9.7458,119.916,2015-06-27,05:28:00,98,snpp,Rindiumalulu , Kab. Sumba Timur , Nusa Tenggara Timur 
-9.48722,119.988,2015-06-27,05:28:00,67,snpp,Rindiumalulu , Kab. Sumba Timur , Nusa Tenggara Timur 
-9.40705,119.66,2015-06-27,05:28:00,57,snpp,Umbu Ratu Nggay , Kab. Sumba Tengah , Nusa Tenggara Timur 
-9.38766,119.649,2015-06-27,05:28:00,100,snpp,Umbu Ratu Nggay , Kab. Sumba Tengah , Nusa Tenggara Timur 
-9.40485,119.484,2015-06-27,05:28:00,76,snpp,                                         , Kab. Sumba Tengah , Nusa Tenggara Timur 
-8.59009,122.175,2015-06-27,05:28:00,92,snpp,                                         , Kab. Sumba Tengah , Nusa Tenggara Timur 
-8.5912,122.168,2015-06-27,05:28:00,38,snpp,                                         , Kab. Sumba Tengah , Nusa Tenggara Timur 
-8.51824,121.271,2015-06-27,05:28:00,72,snpp,                                         , Kab. Sumba Tengah , Nusa Tenggara Timur 
-8.19803,119.072,2015-06-27,05:28:00,40,snpp,Wera , Bima , Nusa Tenggara Barat 
-5.50594,119.28,2015-06-27,05:30:00,66,snpp,Mappaka Sunggu , Takalar , Sulawesi Selatan 
-2,121.377,2015-06-27,05:31:00,88,snpp,Mappaka Sunggu , Takalar , Sulawesi Selatan 
-2.57481,121.384,2015-06-27,05:31:00,69,snpp,Nuha , Luwu Timur , Sulawesi Selatan 
-2.57591,121.376,2015-06-27,05:31:00,100,snpp,Nuha , Luwu Timur , Sulawesi Selatan 
-3.41644,114.326,2015-06-27,05:31:00,27,snpp,Kapuas Kuala , Kapuas , Kalimantan Tengah 
-3.40795,114.324,2015-06-27,05:31:00,34,snpp,Kapuas Kuala , Kapuas , Kalimantan Tengah 
-3.3933,114.306,2015-06-27,05:31:00,54,snpp,Kapuas Kuala , Kapuas , Kalimantan Tengah 
-3.39447,114.298,2015-06-27,05:31:00,82,snpp,Kapuas Kuala , Kapuas , Kalimantan Tengah 
-3.14352,115.265,2015-06-27,05:31:00,32,snpp,Sungai Pinang , Banjar , Kalimantan Selatan 
-2.7636,110.805,2015-06-27,05:31:00,33,snpp,Kendawangan , Ketapang , Kalimantan Barat 
-2.74281,110.891,2015-06-27,05:31:00,81,snpp,Manisamata , Ketapang , Kalimantan Barat 
-1.90864,113.51,2015-06-27,05:31:00,68,snpp,Manisamata , Ketapang , Kalimantan Barat 
-1.81399,113.962,2015-06-27,05:31:00,77,snpp,Manisamata , Ketapang , Kalimantan Barat 
-1.81518,113.954,2015-06-27,05:31:00,53,snpp,Manisamata , Ketapang , Kalimantan Barat 
-1.98479,111.454,2015-06-27,05:31:00,84,snpp,Bulik , Lamandau , Kalimantan Tengah 
-1.87303,111.864,2015-06-27,05:31:00,66,snpp,Arut Utara , Kota Waringin Barat , Kalimantan Tengah 
-1.64161,112.707,2015-06-27,05:31:00,34,snpp,Arut Utara , Kota Waringin Barat , Kalimantan Tengah 
0.708345,120.66,2015-06-27,05:31:00,50,snpp,Arut Utara , Kota Waringin Barat , Kalimantan Tengah 
0.715136,120.659,2015-06-27,05:31:00,73,snpp,Arut Utara , Kota Waringin Barat , Kalimantan Tengah 
0.643593,112.558,2015-06-27,05:31:00,77,snpp,Bunut Hilir , Kapuas Hulu , Kalimantan Barat 
2,117.985,2015-06-27,05:32:00,65,snpp,Bunut Hilir , Kapuas Hulu , Kalimantan Barat 
1.15669,109.263,2015-06-27,05:32:00,44,snpp,Tebas , Sambas , Kalimantan Barat 
2.53012,117.865,2015-06-27,05:32:00,59,snpp,Tanungpalas Timur , Bulungan , Kalimantan Utara 
2.60781,117.666,2015-06-27,05:32:00,88,snpp,Tanungpalas Timur , Bulungan , Kalimantan Utara 
3.78966,117.432,2015-06-27,05:32:00,64,snpp,Tanungpalas Timur , Bulungan , Kalimantan Utara 
3.78858,117.425,2015-06-27,05:32:00,33,snpp,Tanungpalas Timur , Bulungan , Kalimantan Utara 
4.25297,117.454,2015-06-27,05:32:00,48,snpp,Tanungpalas Timur , Bulungan , Kalimantan Utara 
3,98.375,2015-06-27,18:12:00,88,snpp,Tanungpalas Timur , Bulungan , Kalimantan Utara 
3.17453,98.3927,2015-06-27,18:12:00,98,snpp,Tanungpalas Timur , Bulungan , Kalimantan Utara 
2.06878,100.899,2015-06-27,18:12:00,100,snpp,Bangko , Rokan Hilir , Riau 
2.06785,100.905,2015-06-27,18:12:00,100,snpp,Bangko , Rokan Hilir , Riau 
2.0086,101.16,2015-06-27,18:12:00,61,snpp,Dumai Barat , Kota Dumai , Riau 
1.17954,101.046,2015-06-27,18:12:00,65,snpp,Mandau , Bengkalis , Riau 
1.17865,101.052,2015-06-27,18:12:00,51,snpp,Mandau , Bengkalis , Riau 
1.32802,99.9239,2015-06-27,18:12:00,71,snpp,Huristak , Padang Lawas , Sumatera Utara 
-0.187867,109.395,2015-06-27,18:12:00,44,snpp,Sungairaya , Kubu Raya , Kalimantan Barat 
-0.256376,109.314,2015-06-27,18:12:00,66,snpp,Rasaujaya , Kubu Raya , Kalimantan Barat 
0.309792,103.325,2015-06-27,18:12:00,35,snpp,Mandah , Indragiri Hilir , Riau 
0.308575,103.333,2015-06-27,18:12:00,55,snpp,Mandah , Indragiri Hilir , Riau 
0,102.24,2015-06-27,18:13:00,100,snpp,Bunut , Pelalawan , Riau 
-0.945403,102.229,2015-06-27,18:13:00,91,snpp,Tebo Ilir , Tebo , Jambi 
-0.946789,102.238,2015-06-27,18:13:00,100,snpp,Tebo Ilir , Tebo , Jambi 
-0.948174,102.247,2015-06-27,18:13:00,77,snpp,Tebo Ilir , Tebo , Jambi 
-0.95714,102.246,2015-06-27,18:13:00,46,snpp,Tebo Ilir , Tebo , Jambi 
-1.27557,104.062,2015-06-27,18:13:00,27,snpp,Tebo Ilir , Tebo , Jambi 
-1.28348,104.061,2015-06-27,18:13:00,93,snpp,Tebo Ilir , Tebo , Jambi 
-1.32994,103.728,2015-06-27,18:13:00,100,snpp,Muara Sabak , Tanjung Jabung Timur , Jambi 
-1.33108,103.735,2015-06-27,18:13:00,97,snpp,Muara Sabak , Tanjung Jabung Timur , Jambi 
-1.33801,103.727,2015-06-27,18:13:00,84,snpp,Muara Sabak , Tanjung Jabung Timur , Jambi 
-6.0048,105.981,2015-06-27,18:13:00,90,snpp,Ciwadan , Kota Cilegon , Banten 
-6.00851,105.981,2015-06-27,18:13:00,72,snpp,Ciwadan , Kota Cilegon , Banten 
-8,114.046,2015-06-27,18:15:00,64,snpp,Suko Sari , Bondowoso , Jawa Timur 
-8.11545,114.055,2015-06-27,18:15:00,100,snpp,Tlogosari , Bondowoso , Jawa Timur 
-8.11681,114.065,2015-06-27,18:15:00,28,snpp,Tlogosari , Bondowoso , Jawa Timur 
-8.12332,114.044,2015-06-27,18:15:00,100,snpp,Tlogosari , Bondowoso , Jawa Timur 
-8.12455,114.053,2015-06-27,18:15:00,100,snpp,Tlogosari , Bondowoso , Jawa Timur 
-8,117.551,2015-06-28,05:11:00,75,snpp,Tlogosari , Bondowoso , Jawa Timur 
-8.12514,114.059,2015-06-28,05:11:00,100,snpp,Songgon , Banyuwangi , Jawa Timur 
-8.12632,114.05,2015-06-28,05:11:00,58,snpp,Tlogosari , Bondowoso , Jawa Timur 
-8.11138,114.066,2015-06-28,05:11:00,64,snpp,Suko Sari , Bondowoso , Jawa Timur 
-8.11247,114.057,2015-06-28,05:11:00,96,snpp,Tlogosari , Bondowoso , Jawa Timur 
-8.11386,114.046,2015-06-28,05:11:00,79,snpp,Tlogosari , Bondowoso , Jawa Timur 
-7.80286,114.401,2015-06-28,05:11:00,61,snpp,Tlogosari , Bondowoso , Jawa Timur 
-2.7275,132.964,2015-06-28,05:11:00,72,snpp,Kokas , Fak-fak , Papua Barat 
-2.72392,132.963,2015-06-28,05:11:00,72,snpp,Kokas , Fak-fak , Papua Barat 
-1,113.621,2015-06-28,05:12:00,86,snpp,Kokas , Fak-fak , Papua Barat 
-1.96159,111.868,2015-06-28,05:12:00,62,snpp,Arut Utara , Kota Waringin Barat , Kalimantan Tengah 
0.447057,123.147,2015-06-28,05:12:00,93,snpp,Kabila Bone , Bone Bolango , Gorontalo 
2.77629,125.41,2015-06-28,05:12:00,71,snpp,Siau Tengah , Kepulauan Siau Tagulandang Biaro , Sulawesi Utara 
2.77519,125.402,2015-06-28,05:12:00,75,snpp,Siau Tengah , Kepulauan Siau Tagulandang Biaro , Sulawesi Utara 
-1,101.836,2015-06-28,06:53:00,100,snpp,Tebo Ulu , Tebo , Jambi 
-0.99341,102.255,2015-06-28,06:53:00,78,snpp,Tebo Ilir , Tebo , Jambi 
-0.955457,102.258,2015-06-28,06:53:00,100,snpp,Tebo Ilir , Tebo , Jambi 
-0.95679,102.249,2015-06-28,06:53:00,91,snpp,Tebo Ilir , Tebo , Jambi 
-0.949459,102.248,2015-06-28,06:53:00,96,snpp,Tebo Ilir , Tebo , Jambi 
-0.942143,102.247,2015-06-28,06:53:00,92,snpp,Tebo Ilir , Tebo , Jambi 
-0.943466,102.239,2015-06-28,06:53:00,100,snpp,Tebo Ilir , Tebo , Jambi 
-0.944795,102.23,2015-06-28,06:53:00,100,snpp,Tebo Ilir , Tebo , Jambi 
-0.936145,102.238,2015-06-28,06:53:00,100,snpp,Tebo Ilir , Tebo , Jambi 
-0.937474,102.229,2015-06-28,06:53:00,100,snpp,Seberida , Indragiri Hulu , Riau 
-0.785769,102.5,2015-06-28,06:53:00,51,snpp,Seberida , Indragiri Hulu , Riau 
-0.843997,101.675,2015-06-28,06:53:00,65,snpp,Kuatan Mudik , Kuantan Singingi , Riau 
1.17809,101.048,2015-06-28,06:53:00,84,snpp,Mandau , Bengkalis , Riau 
1.35294,102.118,2015-06-28,06:53:00,41,snpp,Mandau , Bengkalis , Riau 
2.20166,100.956,2015-06-28,06:54:00,81,snpp,Mandau , Bengkalis , Riau 
2.0929,100.146,2015-06-28,06:54:00,84,snpp,Kampung Rakyat , Labuhan Batu Selatan , Sumatera Utara 
1.93766,99.1244,2015-06-28,06:54:00,50,snpp,Pangribuan , Tapanuli Utara , Sumatera Utara 
1.9366,99.1174,2015-06-28,06:54:00,86,snpp,Pangribuan , Tapanuli Utara , Sumatera Utara 
4.02781,96.8555,2015-06-28,06:54:00,79,snpp,Terangon , Gayo Lues , Aceh 
3.9575,96.3496,2015-06-28,06:54:00,53,snpp,Terangon , Gayo Lues , Aceh 
-7.86154,138.869,2015-06-29,04:50:00,50,snpp,Kimaam , Merauke , Papua 
-3,138.873,2015-06-29,04:52:00,93,snpp,Distrik Mamberamo Hulu , Memberamo Raya , Papua 
-3.9423,138.87,2015-06-29,04:52:00,93,snpp,Silokaro Dega , Jayawijaya , Papua 
-3.05117,129.844,2015-06-29,04:52:00,76,snpp,Seram Utara ,                                          , Maluku 
-1.42214,133.806,2015-06-29,04:52:00,100,snpp,Sugurey , Pegunungan Arfak , Papua Barat 
-1.40316,133.755,2015-06-29,04:52:00,96,snpp,Sugurey , Pegunungan Arfak , Papua Barat 
-1.39514,133.755,2015-06-29,04:52:00,56,snpp,Sugurey , Pegunungan Arfak , Papua Barat 
-2,121.375,2015-06-29,04:53:00,77,snpp,Sugurey , Pegunungan Arfak , Papua Barat 
-2.65366,119.214,2015-06-29,04:53:00,52,snpp,Bonehau , Mamuju , Sulawesi Barat 
-1.6044,120.058,2015-06-29,04:53:00,72,snpp,Kulawi Selatan , Sigi , Sulawesi Tengah 
2,117.136,2015-06-29,04:55:00,45,snpp,Segah , Berau , Kalimantan Timur 
-8,114.059,2015-06-29,06:31:00,100,snpp,Suko Sari , Bondowoso , Jawa Timur 
-8.12566,114.052,2015-06-29,06:31:00,100,snpp,Tlogosari , Bondowoso , Jawa Timur 
-8.114,114.057,2015-06-29,06:31:00,87,snpp,Tlogosari , Bondowoso , Jawa Timur 
-8.11518,114.051,2015-06-29,06:31:00,87,snpp,Tlogosari , Bondowoso , Jawa Timur 
-8.11306,114.061,2015-06-29,06:31:00,78,snpp,Tlogosari , Bondowoso , Jawa Timur 
-8.11414,114.054,2015-06-29,06:31:00,87,snpp,Tlogosari , Bondowoso , Jawa Timur 
-8.11529,114.048,2015-06-29,06:31:00,80,snpp,Tlogosari , Bondowoso , Jawa Timur 
-7,106.766,2015-06-29,06:33:00,94,snpp,Cikembar , Sukabumi , Jawa Barat 
-6.96375,108.648,2015-06-29,06:33:00,72,snpp,Cidahu , Kuningan , Jawa Barat 
-4.94187,105.672,2015-06-29,06:33:00,41,snpp,Sukadana , Lampung Timur , Lampung 
-4.71179,104.733,2015-06-29,06:33:00,74,snpp,Sungkai Utara , Lampung Utara , Lampung 
-4.37856,104.703,2015-06-29,06:33:00,76,snpp,Pakuan Ratu , Way Kanan , Lampung 
-4.22912,104.261,2015-06-29,06:33:00,64,snpp,Batu Raja Timur , Ogan Komering Ulu , Sumatera Selatan 
-2,111.036,2015-06-29,06:34:00,48,snpp,Riam , Ketapang , Kalimantan Barat 
-3.52457,105.204,2015-06-29,06:34:00,49,snpp,Pedamaran , Ogan Komering Ilir , Sumatera Selatan 
-3.25523,105.823,2015-06-29,06:34:00,80,snpp,Tulung Selapan , Ogan Komering Ilir , Sumatera Selatan 
-3.25463,104.983,2015-06-29,06:34:00,55,snpp,Pampangan , Ogan Komering Ilir , Sumatera Selatan 
-3.37646,104.043,2015-06-29,06:34:00,81,snpp,Rambang Dangku , Muara Enim , Sumatera Selatan 
-3.46225,102.933,2015-06-29,06:34:00,73,snpp,Padang Ulak Tanding , Rejang Lebong , Bengkulu 
-3.33521,103.462,2015-06-29,06:34:00,63,snpp,Muara Lakitan , Musi Rawas , Sumatera Selatan 
-3.05602,104.687,2015-06-29,06:34:00,72,snpp,Indralaya , Ogan Ilir , Sumatera Selatan 
-3.04937,104.686,2015-06-29,06:34:00,56,snpp,Ilir Barat Ii , Kota Palembang , Sumatera Selatan 
-3.29427,103.06,2015-06-29,06:34:00,57,snpp,Muara Beliti , Musi Rawas , Sumatera Selatan 
-3.24003,102.79,2015-06-29,06:34:00,75,snpp,Lubuklinggau Barat , Lubuk Linggau , Sumatera Selatan 
-3.15735,102.806,2015-06-29,06:34:00,75,snpp,Selangit , Musi Rawas , Sumatera Selatan 
-3.15135,102.754,2015-06-29,06:34:00,64,snpp,Selangit , Musi Rawas , Sumatera Selatan 
-3.1126,102.829,2015-06-29,06:34:00,80,snpp,Selangit , Musi Rawas , Sumatera Selatan 
-3.1827,102.007,2015-06-29,06:34:00,100,snpp,Ketahun , Bengkulu Utara , Bengkulu 
-2.97963,103.041,2015-06-29,06:34:00,65,snpp,Megang Sakti , Musi Rawas , Sumatera Selatan 
-2.98204,102.933,2015-06-29,06:34:00,100,snpp,Batukuning/lakitan Ulu , Musi Rawas , Sumatera Selatan 
-2.9831,102.926,2015-06-29,06:34:00,54,snpp,Batukuning/lakitan Ulu , Musi Rawas , Sumatera Selatan 
-2.97751,102.931,2015-06-29,06:34:00,100,snpp,Batukuning/lakitan Ulu , Musi Rawas , Sumatera Selatan 
-3.08247,101.766,2015-06-29,06:34:00,51,snpp,Ketahun , Bengkulu Utara , Bengkulu 
-2.86832,103.11,2015-06-29,06:34:00,62,snpp,Muara Lakitan , Musi Rawas , Sumatera Selatan 
-2.67136,103.345,2015-06-29,06:34:00,77,snpp,Rawas Ilir , Musi Rawas Utara , Sumatera Selatan 
-2.64118,103.319,2015-06-29,06:34:00,47,snpp,Rawas Ilir , Musi Rawas Utara , Sumatera Selatan 
-2.43806,104.307,2015-06-29,06:34:00,62,snpp,Pulau Rimau , Banyuasin , Sumatera Selatan 
-2.5208,103.172,2015-06-29,06:34:00,67,snpp,Babattoman , Musi Banyuasin , Sumatera Selatan 
-2.77024,101.491,2015-06-29,06:34:00,100,snpp,Muko Muko Selatan , Muko-muko , Bengkulu 
-2.51412,103.171,2015-06-29,06:34:00,92,snpp,Babattoman , Musi Banyuasin , Sumatera Selatan 
-2.76335,101.49,2015-06-29,06:34:00,68,snpp,Muko Muko Selatan , Muko-muko , Bengkulu 
-1.98631,105.198,2015-06-29,06:34:00,98,snpp,Muko Muko Selatan , Muko-muko , Bengkulu 
-2.23646,103.406,2015-06-29,06:34:00,99,snpp,Bajubang , Batanghari , Jambi 
-2.22668,103.425,2015-06-29,06:34:00,78,snpp,Bajubang , Batanghari , Jambi 
-2.01373,103.803,2015-06-29,06:34:00,38,snpp,Banyunglincir , Musi Banyuasin , Sumatera Selatan 
-2.00461,103.774,2015-06-29,06:34:00,84,snpp,Banyunglincir , Musi Banyuasin , Sumatera Selatan 
-2.40634,100.98,2015-06-29,06:34:00,81,snpp,Pancung Soal , Pesisir Selatan , Sumatera Barat 
-2.40879,100.981,2015-06-29,06:34:00,31,snpp,Pancung Soal , Pesisir Selatan , Sumatera Barat 
-2.40284,100.972,2015-06-29,06:34:00,52,snpp,Pancung Soal , Pesisir Selatan , Sumatera Barat 
-2.35815,101.073,2015-06-29,06:34:00,78,snpp,Pancung Soal , Pesisir Selatan , Sumatera Barat 
-1.93641,103.826,2015-06-29,06:34:00,100,snpp,Banyunglincir , Musi Banyuasin , Sumatera Selatan 
-1.65949,105.563,2015-06-29,06:34:00,65,snpp,Banyunglincir , Musi Banyuasin , Sumatera Selatan 
-2.33789,101.062,2015-06-29,06:34:00,49,snpp,Pancung Soal , Pesisir Selatan , Sumatera Barat 
-2.33074,101.061,2015-06-29,06:34:00,68,snpp,Pancung Soal , Pesisir Selatan , Sumatera Barat 
-2.14227,102.276,2015-06-29,06:34:00,100,snpp,Bangko , Merangin , Jambi 
-2.34299,100.929,2015-06-29,06:34:00,96,snpp,Pancung Soal , Pesisir Selatan , Sumatera Barat 
-2.34421,100.921,2015-06-29,06:34:00,77,snpp,Pancung Soal , Pesisir Selatan , Sumatera Barat 
-2.3358,100.928,2015-06-29,06:34:00,74,snpp,Pancung Soal , Pesisir Selatan , Sumatera Barat 
-2.33701,100.92,2015-06-29,06:34:00,87,snpp,Pancung Soal , Pesisir Selatan , Sumatera Barat 
-1.82039,104.147,2015-06-29,06:34:00,44,snpp,Muara Telang , Banyuasin , Sumatera Selatan 
-1.83734,103.945,2015-06-29,06:34:00,97,snpp,Banyunglincir , Musi Banyuasin , Sumatera Selatan 
-1.83838,103.938,2015-06-29,06:34:00,24,snpp,Banyunglincir , Musi Banyuasin , Sumatera Selatan 
-1.79996,103.967,2015-06-29,06:34:00,53,snpp,Banyunglincir , Musi Banyuasin , Sumatera Selatan 
-1.76825,104.132,2015-06-29,06:34:00,84,snpp,Kumpeh , Muaro Jambi , Jambi 
-1.76161,104.131,2015-06-29,06:34:00,94,snpp,Kumpeh , Muaro Jambi , Jambi 
-2.22246,101.012,2015-06-29,06:34:00,98,snpp,Pancung Soal , Pesisir Selatan , Sumatera Barat 
-1.75668,104.074,2015-06-29,06:34:00,72,snpp,Kumpeh , Muaro Jambi , Jambi 
-2.21295,100.978,2015-06-29,06:34:00,87,snpp,Pancung Soal , Pesisir Selatan , Sumatera Barat 
-2.19857,101.026,2015-06-29,06:34:00,35,snpp,Pancung Soal , Pesisir Selatan , Sumatera Barat 
-1.72732,104.133,2015-06-29,06:34:00,84,snpp,Kumpeh , Muaro Jambi , Jambi 
-2.20221,100.951,2015-06-29,06:34:00,32,snpp,Pancung Soal , Pesisir Selatan , Sumatera Barat 
-2.18426,101.023,2015-06-29,06:34:00,97,snpp,Pancung Soal , Pesisir Selatan , Sumatera Barat 
-2.186,101.025,2015-06-29,06:34:00,81,snpp,Pancung Soal , Pesisir Selatan , Sumatera Barat 
-2.18157,100.958,2015-06-29,06:34:00,68,snpp,Pancung Soal , Pesisir Selatan , Sumatera Barat 
-1.70562,103.967,2015-06-29,06:34:00,92,snpp,Sungai Gelam , Muaro Jambi , Jambi 
-2.12514,101.041,2015-06-29,06:34:00,55,snpp,Pancung Soal , Pesisir Selatan , Sumatera Barat 
-2.07458,100.9,2015-06-29,06:34:00,34,snpp,Pancung Soal , Pesisir Selatan , Sumatera Barat 
-1.63453,102.87,2015-06-29,06:34:00,48,snpp,Mersam , Batanghari , Jambi 
-1.27906,104.062,2015-06-29,06:34:00,87,snpp,Mersam , Batanghari , Jambi 
-1.32398,102.549,2015-06-29,06:34:00,96,snpp,Tebo Ilir , Tebo , Jambi 
-1.28897,102.521,2015-06-29,06:34:00,86,snpp,Tebo Ilir , Tebo , Jambi 
-1.28225,102.52,2015-06-29,06:34:00,84,snpp,Tebo Ilir , Tebo , Jambi 
-1.23523,102.375,2015-06-29,06:34:00,56,snpp,Tebo Ilir , Tebo , Jambi 
-1.14554,102.888,2015-06-29,06:34:00,87,snpp,Tungkalulu , Tanjung Jabung Barat , Jambi 
-1.15583,102.775,2015-06-29,06:34:00,76,snpp,Tungkalulu , Tanjung Jabung Barat , Jambi 
-1.15553,102.414,2015-06-29,06:34:00,68,snpp,Tebo Ilir , Tebo , Jambi 
-1.12132,102.291,2015-06-29,06:34:00,83,snpp,Tebo Ulu , Tebo , Jambi 
-1.22945,101.44,2015-06-29,06:34:00,100,snpp,Sangir , Solok Selatan , Sumatera Barat 
-1.09538,102.28,2015-06-29,06:34:00,82,snpp,Tebo Ilir , Tebo , Jambi 
-0.988437,102.67,2015-06-29,06:34:00,53,snpp,Keritang , Indragiri Hilir , Riau 
-0.989498,102.663,2015-06-29,06:34:00,76,snpp,Keritang , Indragiri Hilir , Riau 
-0.995079,102.272,2015-06-29,06:34:00,62,snpp,Tebo Ilir , Tebo , Jambi 
-0.955626,102.259,2015-06-29,06:34:00,53,snpp,Tebo Ilir , Tebo , Jambi 
-0.95778,102.245,2015-06-29,06:34:00,100,snpp,Tebo Ilir , Tebo , Jambi 
-0.951019,102.244,2015-06-29,06:34:00,96,snpp,Tebo Ilir , Tebo , Jambi 
-0.943185,102.25,2015-06-29,06:34:00,91,snpp,Tebo Ilir , Tebo , Jambi 
-0.936429,102.249,2015-06-29,06:34:00,100,snpp,Tebo Ilir , Tebo , Jambi 
-0.959074,102.098,2015-06-29,06:34:00,69,snpp,Tebo Ulu , Tebo , Jambi 
-0.932896,102.227,2015-06-29,06:34:00,93,snpp,Seberida , Indragiri Hulu , Riau 
-0.926136,102.226,2015-06-29,06:34:00,96,snpp,Seberida , Indragiri Hulu , Riau 
-0.967187,101.95,2015-06-29,06:34:00,93,snpp,Tebo Ulu , Tebo , Jambi 
-0.964006,101.949,2015-06-29,06:34:00,98,snpp,Tebo Ulu , Tebo , Jambi 
-0.812936,102.808,2015-06-29,06:34:00,67,snpp,Keritang , Indragiri Hilir , Riau 
-0.898562,102.243,2015-06-29,06:34:00,100,snpp,Seberida , Indragiri Hulu , Riau 
-0.946889,101.924,2015-06-29,06:34:00,58,snpp,Tebo Ulu , Tebo , Jambi 
-0.93768,101.893,2015-06-29,06:34:00,63,snpp,Kuatan Mudik , Kuantan Singingi , Riau 
-0.917598,101.98,2015-06-29,06:34:00,100,snpp,Tebo Ulu , Tebo , Jambi 
-0.910791,101.979,2015-06-29,06:34:00,100,snpp,Tebo Ulu , Tebo , Jambi 
-0.91478,101.86,2015-06-29,06:34:00,63,snpp,Kuatan Mudik , Kuantan Singingi , Riau 
-0.870758,102.106,2015-06-29,06:34:00,74,snpp,Seberida , Indragiri Hulu , Riau 
-0.883561,101.975,2015-06-29,06:34:00,50,snpp,Peranap , Indragiri Hulu , Riau 
-0.90486,101.692,2015-06-29,06:34:00,100,snpp,Pulau Punjung , Dharmasraya , Sumatera Barat 
-0.844827,102.021,2015-06-29,06:34:00,27,snpp,Peranap , Indragiri Hulu , Riau 
-0.713473,102.75,2015-06-29,06:34:00,64,snpp,Keritang , Indragiri Hilir , Riau 
-0.809157,101.889,2015-06-29,06:34:00,87,snpp,Peranap , Indragiri Hulu , Riau 
-0.819657,101.679,2015-06-29,06:34:00,89,snpp,Kuatan Mudik , Kuantan Singingi , Riau 
-0.812769,101.678,2015-06-29,06:34:00,36,snpp,Kuatan Mudik , Kuantan Singingi , Riau 
-0.921655,100.765,2015-06-29,06:34:00,78,snpp,Payung Sekaki , Solok , Sumatera Barat 
-0.744544,101.833,2015-06-29,06:34:00,78,snpp,Kuatan Mudik , Kuantan Singingi , Riau 
-0.480732,102.678,2015-06-29,06:34:00,63,snpp,Rengat , Indragiri Hulur , Riau 
-0.404296,102.028,2015-06-29,06:34:00,97,snpp,Pasir Penyu , Indragiri Hulu , Riau 
-0.147404,103.053,2015-06-29,06:34:00,37,snpp,Pasir Penyu , Indragiri Hulu , Riau 
-0.301425,101.811,2015-06-29,06:34:00,55,snpp,Pangkalan Kuras , Pelalawan , Riau 
-0.2757,101.89,2015-06-29,06:34:00,96,snpp,Pangkalan Kuras , Pelalawan , Riau 
-0.247424,101.893,2015-06-29,06:34:00,96,snpp,Pangkalan Kuras , Pelalawan , Riau 
-0.202854,101.93,2015-06-29,06:34:00,24,snpp,Pangkalan Kuras , Pelalawan , Riau 
-0.201567,101.893,2015-06-29,06:34:00,81,snpp,Pangkalan Kuras , Pelalawan , Riau 
-0.218167,101.784,2015-06-29,06:34:00,87,snpp,Pangkalan Kuras , Pelalawan , Riau 
-0.219283,101.777,2015-06-29,06:34:00,71,snpp,Pangkalan Kuras , Pelalawan , Riau 
-0.230438,101.704,2015-06-29,06:34:00,82,snpp,Pangkalan Kuras , Pelalawan , Riau 
-0.194782,101.892,2015-06-29,06:34:00,37,snpp,Pangkalan Kuras , Pelalawan , Riau 
-0.209141,101.798,2015-06-29,06:34:00,77,snpp,Pangkalan Kuras , Pelalawan , Riau 
-0.184497,101.868,2015-06-29,06:34:00,58,snpp,Pangkalan Kuras , Pelalawan , Riau 
-0.195347,101.751,2015-06-29,06:34:00,85,snpp,Pangkalan Kuras , Pelalawan , Riau 
-0.196284,101.698,2015-06-29,06:34:00,100,snpp,Pangkalan Kuras , Pelalawan , Riau 
-0.197387,101.691,2015-06-29,06:34:00,47,snpp,Langgam , Pelalawan , Riau 
0.0866703,103.525,2015-06-29,06:34:00,36,snpp,Enok , Indragiri Hilir , Riau 
-0.185021,101.727,2015-06-29,06:34:00,30,snpp,Pangkalan Kuras , Pelalawan , Riau 
0.0891444,103.496,2015-06-29,06:34:00,42,snpp,Pangkalan Kuras , Pelalawan , Riau 
-0.158186,101.812,2015-06-29,06:34:00,76,snpp,Pangkalan Kuras , Pelalawan , Riau 
-0.154191,101.7,2015-06-29,06:34:00,52,snpp,Pangkalan Kuras , Pelalawan , Riau 
-0.181876,101.515,2015-06-29,06:34:00,27,snpp,Kuatan Hilir , Kuantan Singingi , Riau 
-0.0362724,102.394,2015-06-29,06:34:00,94,snpp,Kuala Kampar , Pelalawan , Riau 
-0.0373331,102.387,2015-06-29,06:34:00,100,snpp,Kuala Kampar , Pelalawan , Riau 
-0.0313203,102.393,2015-06-29,06:34:00,100,snpp,Kuala Kampar , Pelalawan , Riau 
-0.0324,102.386,2015-06-29,06:34:00,100,snpp,Kuala Kampar , Pelalawan , Riau 
-0.163454,101.528,2015-06-29,06:34:00,47,snpp,Kuatan Hilir , Kuantan Singingi , Riau 
-0.207257,101.196,2015-06-29,06:34:00,97,snpp,Singingi , Kuantan Singingi , Riau 
-0.120469,101.717,2015-06-29,06:34:00,94,snpp,Pangkalan Kuras , Pelalawan , Riau 
-0.113645,101.716,2015-06-29,06:34:00,80,snpp,Pangkalan Kuras , Pelalawan , Riau 
-0.11562,101.612,2015-06-29,06:34:00,82,snpp,Langgam , Pelalawan , Riau 
-0.089861,101.735,2015-06-29,06:34:00,67,snpp,Pangkalan Kuras , Pelalawan , Riau 
-0.0830416,101.734,2015-06-29,06:34:00,91,snpp,Pangkalan Kuras , Pelalawan , Riau 
0.160295,102.536,2015-06-29,06:34:00,69,snpp,Kuala Kampar , Pelalawan , Riau 
0.0763401,101.888,2015-06-29,06:34:00,86,snpp,Pangkalan Kuras , Pelalawan , Riau 
0.033551,101.604,2015-06-29,06:34:00,90,snpp,Langgam , Pelalawan , Riau 
0.358675,103.18,2015-06-29,06:34:00,66,snpp,Langgam , Pelalawan , Riau 
0.0657494,101.053,2015-06-29,06:34:00,51,snpp,Kampar Kiri , Kampar , Riau 
0.251962,101.758,2015-06-29,06:34:00,48,snpp,Langgam , Pelalawan , Riau 
0.340954,101.907,2015-06-29,06:34:00,79,snpp,Pangkalan Kuras , Pelalawan , Riau 
0.454758,101.282,2015-06-29,06:34:00,69,snpp,Tambang , Kampar , Riau 
0.326755,100.064,2015-06-29,06:34:00,77,snpp,Raomapat Tunggal , Pasaman , Sumatera Barat 
0.325568,100.056,2015-06-29,06:34:00,54,snpp,Raomapat Tunggal , Pasaman , Sumatera Barat 
0.546312,101.375,2015-06-29,06:34:00,60,snpp,Tampan , Kota Pekanbaru , Riau 
0.461686,100.668,2015-06-29,06:34:00,86,snpp,Tapungkiri , Kampar , Riau 
0.563001,101.327,2015-06-29,06:34:00,60,snpp,Tapung , Kampar , Riau 
0.461591,100.668,2015-06-29,06:34:00,87,snpp,Tapungkiri , Kampar , Riau 
0.486237,100.641,2015-06-29,06:34:00,92,snpp,Tapungkiri , Kampar , Riau 
1.01033,104.048,2015-06-29,06:34:00,62,snpp,Tapungkiri , Kampar , Riau 
0.333033,99.4415,2015-06-29,06:34:00,100,snpp,Tapungkiri , Kampar , Riau 
0.572307,100.923,2015-06-29,06:34:00,73,snpp,Tapung , Kampar , Riau 
0.716412,101.395,2015-06-29,06:34:00,58,snpp,Siak , Siak , Riau 
0.806994,101.532,2015-06-29,06:34:00,86,snpp,Siak , Siak , Riau 
0.810696,101.531,2015-06-29,06:34:00,92,snpp,Siak , Siak , Riau 
0.65193,99.8719,2015-06-29,06:34:00,63,snpp,Siak , Siak , Riau 
0.56235,99.2225,2015-06-29,06:34:00,73,snpp,Lingga Bayu , Mandailing Natal , Sumatera Utara 
0.776174,100.419,2015-06-29,06:34:00,87,snpp,Rambah , Rokan Hulu , Riau 
0.786273,100.293,2015-06-29,06:34:00,96,snpp,Rambah , Rokan Hulu , Riau 
1.06983,101.934,2015-06-29,06:34:00,75,snpp,Siak Kecil , Bengkalis , Riau 
1,101.423,2015-06-29,06:36:00,59,snpp,Siak , Siak , Riau 
1.18182,102.004,2015-06-29,06:36:00,60,snpp,Siak , Siak , Riau 
1.05473,101.162,2015-06-29,06:36:00,95,snpp,Pinggir , Bengkalis , Riau 
1.12585,101.058,2015-06-29,06:36:00,42,snpp,Pinggir , Bengkalis , Riau 
1.14536,101.094,2015-06-29,06:36:00,43,snpp,Mandau , Bengkalis , Riau 
1.14423,101.086,2015-06-29,06:36:00,84,snpp,Mandau , Bengkalis , Riau 
1.35315,102.115,2015-06-29,06:36:00,100,snpp,Mandau , Bengkalis , Riau 
1.0578,100.044,2015-06-29,06:36:00,61,snpp,Huta Raja Tinggi , Padang Lawas , Sumatera Utara 
1.46372,102.484,2015-06-29,06:36:00,58,snpp,Bintan , Bengkalis , Riau 
1.07295,99.8,2015-06-29,06:36:00,77,snpp,Lubuk Barumun , Padang Lawas , Sumatera Utara 
1.08028,99.7989,2015-06-29,06:36:00,93,snpp,Lubuk Barumun , Padang Lawas , Sumatera Utara 
1.34869,101.539,2015-06-29,06:36:00,57,snpp,Mandau , Bengkalis , Riau 
1.3476,101.532,2015-06-29,06:36:00,82,snpp,Mandau , Bengkalis , Riau 
1.35113,101.531,2015-06-29,06:36:00,85,snpp,Mandau , Bengkalis , Riau 
1.31987,101.144,2015-06-29,06:36:00,67,snpp,Mandau , Bengkalis , Riau 
1.2629,100.726,2015-06-29,06:36:00,76,snpp,Tanah Putih , Rokan Hilir , Riau 
1.4685,101.938,2015-06-29,06:36:00,46,snpp,Tanah Putih , Rokan Hilir , Riau 
1.28272,100.715,2015-06-29,06:36:00,80,snpp,Tanah Putih , Rokan Hilir , Riau 
1.17545,99.7156,2015-06-29,06:36:00,88,snpp,Lubuk Barumun , Padang Lawas , Sumatera Utara 
1.30513,99.957,2015-06-29,06:36:00,83,snpp,Huristak , Padang Lawas , Sumatera Utara 
1.31238,99.9559,2015-06-29,06:36:00,87,snpp,Huristak , Padang Lawas , Sumatera Utara 
1.31461,99.9214,2015-06-29,06:36:00,100,snpp,Huristak , Padang Lawas , Sumatera Utara 
1.32312,99.9286,2015-06-29,06:36:00,79,snpp,Huristak , Padang Lawas , Sumatera Utara 
1.32187,99.9203,2015-06-29,06:36:00,94,snpp,Huristak , Padang Lawas , Sumatera Utara 
1.31972,99.9298,2015-06-29,06:36:00,62,snpp,Huristak , Padang Lawas , Sumatera Utara 
1.31841,99.9214,2015-06-29,06:36:00,100,snpp,Huristak , Padang Lawas , Sumatera Utara 
1.32566,99.9203,2015-06-29,06:36:00,24,snpp,Huristak , Padang Lawas , Sumatera Utara 
1.32436,99.9119,2015-06-29,06:36:00,54,snpp,Huristak , Padang Lawas , Sumatera Utara 
1.3521,99.899,2015-06-29,06:36:00,91,snpp,Huristak , Padang Lawas , Sumatera Utara 
1.58244,101.264,2015-06-29,06:36:00,84,snpp,Tanah Putih , Rokan Hilir , Riau 
1.40079,99.9258,2015-06-29,06:36:00,97,snpp,Huristak , Padang Lawas , Sumatera Utara 
1.61793,101.221,2015-06-29,06:36:00,86,snpp,Tanah Putih , Rokan Hilir , Riau 
1.2881,98.9368,2015-06-29,06:36:00,70,snpp,Tanah Putih , Rokan Hilir , Riau 
1.58706,100.582,2015-06-29,06:36:00,70,snpp,Bagan Sinembah , Rokan Hilir , Riau 
1.71425,101.326,2015-06-29,06:36:00,100,snpp,Dumai Barat , Kota Dumai , Riau 
1.77144,101.658,2015-06-29,06:36:00,52,snpp,Rupat , Bengkalis , Riau 
1.79169,101.655,2015-06-29,06:36:00,100,snpp,Rupat , Bengkalis , Riau 
1.73819,100.726,2015-06-29,06:36:00,74,snpp,Bangko , Rokan Hilir , Riau 
1.73703,100.719,2015-06-29,06:36:00,93,snpp,Bangko , Rokan Hilir , Riau 
1.79009,100.882,2015-06-29,06:36:00,91,snpp,Bangko , Rokan Hilir , Riau 
1.7922,100.882,2015-06-29,06:36:00,94,snpp,Bangko , Rokan Hilir , Riau 
1.60239,99.5173,2015-06-29,06:36:00,100,snpp,Padang Bolak , Padang Lawas Utara , Sumatera Utara 
1.93464,101.308,2015-06-29,06:36:00,76,snpp,Dumai Barat , Kota Dumai , Riau 
1.98102,101.315,2015-06-29,06:36:00,76,snpp,Dumai Barat , Kota Dumai , Riau 
1.86904,100.588,2015-06-29,06:36:00,86,snpp,Bagan Sinembah , Rokan Hilir , Riau 
1.87604,100.587,2015-06-29,06:36:00,61,snpp,Bagan Sinembah , Rokan Hilir , Riau 
2.01322,101.161,2015-06-29,06:36:00,94,snpp,Dumai Barat , Kota Dumai , Riau 
2.04023,101.247,2015-06-29,06:36:00,82,snpp,Dumai Barat , Kota Dumai , Riau 
1.90703,100.367,2015-06-29,06:36:00,96,snpp,Bagan Sinembah , Rokan Hilir , Riau 
1.95882,100.614,2015-06-29,06:36:00,52,snpp,Bagan Sinembah , Rokan Hilir , Riau 
1.97038,100.589,2015-06-29,06:36:00,39,snpp,Bagan Sinembah , Rokan Hilir , Riau 
1.98792,100.61,2015-06-29,06:36:00,54,snpp,Bagan Sinembah , Rokan Hilir , Riau 
2.06807,100.901,2015-06-29,06:36:00,96,snpp,Bangko , Rokan Hilir , Riau 
2.10378,100.857,2015-06-29,06:36:00,76,snpp,Bangko , Rokan Hilir , Riau 
2.06474,100.551,2015-06-29,06:36:00,92,snpp,Bagan Sinembah , Rokan Hilir , Riau 
2.06533,100.552,2015-06-29,06:36:00,94,snpp,Bagan Sinembah , Rokan Hilir , Riau 
2.06414,100.544,2015-06-29,06:36:00,61,snpp,Bagan Sinembah , Rokan Hilir , Riau 
2.17342,101.069,2015-06-29,06:36:00,79,snpp,Bagan Sinembah , Rokan Hilir , Riau 
1.94478,99.5388,2015-06-29,06:36:00,57,snpp,Saipar Dolok Hole , Tapanuli Selatan , Sumatera Utara 
1.81632,98.661,2015-06-29,06:36:00,87,snpp,Kolang , Tapanuli Tengah , Sumatera Utara 
1.99675,99.7302,2015-06-29,06:36:00,100,snpp,Bilah Hulu , Labuhanbatu , Sumatera Utara 
2.03567,99.7414,2015-06-29,06:36:00,88,snpp,Bilah Hulu , Labuhanbatu , Sumatera Utara 
2.22736,100.962,2015-06-29,06:36:00,70,snpp,Bilah Hulu , Labuhanbatu , Sumatera Utara 
2.16503,100.45,2015-06-29,06:36:00,79,snpp,Bagan Sinembah , Rokan Hilir , Riau 
2.14555,100.324,2015-06-29,06:36:00,62,snpp,Kampung Rakyat , Labuhan Batu Selatan , Sumatera Utara 
2.1716,100.353,2015-06-29,06:36:00,100,snpp,Kampung Rakyat , Labuhan Batu Selatan , Sumatera Utara 
2.29819,100.334,2015-06-29,06:36:00,81,snpp,Panei Tengah , Labuhanbatu , Sumatera Utara 
2.30643,100.34,2015-06-29,06:36:00,86,snpp,Bagan Sinembah , Rokan Hilir , Riau 
2.31347,100.339,2015-06-29,06:36:00,91,snpp,Bagan Sinembah , Rokan Hilir , Riau 
2.24977,99.5585,2015-06-29,06:36:00,100,snpp,Aeknatas , Labuhanbatu Utara , Sumatera Utara 
2.08315,98.3967,2015-06-29,06:36:00,66,snpp,Barus , Tapanuli Tengah , Sumatera Utara 
2.09574,98.3743,2015-06-29,06:36:00,65,snpp,Barus , Tapanuli Tengah , Sumatera Utara 
2.10835,98.3518,2015-06-29,06:36:00,100,snpp,Barus , Tapanuli Tengah , Sumatera Utara 
2.26137,99.2929,2015-06-29,06:36:00,66,snpp,Borbor , Toba Samosir , Sumatera Utara 
2.24147,99.0131,2015-06-29,06:36:00,72,snpp,Siborongborong , Tapanuli Utara , Sumatera Utara 
2.16811,98.4272,2015-06-29,06:36:00,100,snpp,Pakkat , Humbang Hasundutan , Sumatera Utara 
2.20175,98.3636,2015-06-29,06:36:00,67,snpp,Pakkat , Humbang Hasundutan , Sumatera Utara 
2.28695,98.81,2015-06-29,06:36:00,100,snpp,Lintong Nihuta , Humbang Hasundutan , Sumatera Utara 
2.22065,98.3819,2015-06-29,06:36:00,100,snpp,Tarabintang , Humbang Hasundutan , Sumatera Utara 
2.21911,98.3719,2015-06-29,06:36:00,99,snpp,Tarabintang , Humbang Hasundutan , Sumatera Utara 
2.24255,98.3676,2015-06-29,06:36:00,100,snpp,Tarabintang , Humbang Hasundutan , Sumatera Utara 
2.241,98.3575,2015-06-29,06:36:00,82,snpp,Tarabintang , Humbang Hasundutan , Sumatera Utara 
2.46984,99.7558,2015-06-29,06:36:00,100,snpp,Kwaluh Hulu , Labuhanbatu Utara , Sumatera Utara 
2.46857,99.7475,2015-06-29,06:36:00,70,snpp,Kwaluh Hulu , Labuhanbatu Utara , Sumatera Utara 
2.27492,98.4746,2015-06-29,06:36:00,100,snpp,Tarabintang , Humbang Hasundutan , Sumatera Utara 
2.22864,98.1709,2015-06-29,06:36:00,100,snpp,Danau Paris , Aceh Singkil , Aceh 
2.45291,99.4753,2015-06-29,06:36:00,95,snpp,Kwaluh Hulu , Labuhanbatu Utara , Sumatera Utara 
2.56798,99.8346,2015-06-29,06:36:00,63,snpp,Kwaluh Hulu , Labuhanbatu Utara , Sumatera Utara 
2.54905,99.4005,2015-06-29,06:36:00,100,snpp,Pintu Pohan Meranti , Toba Samosir , Sumatera Utara 
2.39437,98.1631,2015-06-29,06:36:00,79,snpp,Pagindar , Pakpak Bhara , Sumatera Utara 
2.39275,98.1527,2015-06-29,06:36:00,92,snpp,Danau Paris , Aceh Singkil , Aceh 
2.60944,99.3032,2015-06-29,06:36:00,91,snpp,Bandar Pulau , Asahan , Sumatera Utara 
2.61807,99.3103,2015-06-29,06:36:00,62,snpp,Aek Songsongan , Asahan , Sumatera Utara 
2.45299,98.1748,2015-06-29,06:36:00,100,snpp,Pagindar , Pakpak Bhara , Sumatera Utara 
2.45606,98.1767,2015-06-29,06:36:00,100,snpp,Pagindar , Pakpak Bhara , Sumatera Utara 
2.44354,97.9434,2015-06-29,06:36:00,75,snpp,Gunung Meriah , Aceh Singkil , Aceh 
2.54648,98.0788,2015-06-29,06:36:00,78,snpp,Surobaru , Aceh Singkil , Aceh 
2.71506,99.1365,2015-06-29,06:36:00,100,snpp,Bandar Pasir Mandoge , Asahan , Sumatera Utara 
2.71634,99.1371,2015-06-29,06:36:00,69,snpp,Bandar Pasir Mandoge , Asahan , Sumatera Utara 
2.54689,98.0703,2015-06-29,06:36:00,84,snpp,Surobaru , Aceh Singkil , Aceh 
2.5678,98.0992,2015-06-29,06:36:00,100,snpp,Sitelu Tali Urang Jehe , Pakpak Bhara , Sumatera Utara 
2.56291,98.0169,2015-06-29,06:36:00,86,snpp,Sing Kohor , Aceh Singkil , Aceh 
2.59288,97.8401,2015-06-29,06:36:00,52,snpp,Rundeng , Kota Sulubussalam , Aceh 
2.62356,97.9858,2015-06-29,06:36:00,95,snpp,Sing Kohor , Aceh Singkil , Aceh 
2.6854,98.1068,2015-06-29,06:36:00,72,snpp,Sitelu Tali Urang Jehe , Pakpak Bhara , Sumatera Utara 
2.79755,98.5171,2015-06-29,06:36:00,85,snpp,Sitelu Tali Urang Jehe , Pakpak Bhara , Sumatera Utara 
2.79629,98.509,2015-06-29,06:36:00,100,snpp,Sitelu Tali Urang Jehe , Pakpak Bhara , Sumatera Utara 
2.71993,98.0153,2015-06-29,06:36:00,73,snpp,Simpang Kiri , Kota Sulubussalam , Aceh 
2.72387,97.8275,2015-06-29,06:36:00,61,snpp,Sultan Daulat , Kota Sulubussalam , Aceh 
2.72387,97.8265,2015-06-29,06:36:00,66,snpp,Sultan Daulat , Kota Sulubussalam , Aceh 
2.74206,97.8886,2015-06-29,06:36:00,92,snpp,Sultan Daulat , Kota Sulubussalam , Aceh 
2.74094,97.8816,2015-06-29,06:36:00,56,snpp,Sultan Daulat , Kota Sulubussalam , Aceh 
2.89969,97.9938,2015-06-29,06:36:00,58,snpp,Siempatnempu , Dairi , Sumatera Utara 
2.85407,97.7044,2015-06-29,06:36:00,52,snpp,Trumon , Aceh Selatan , Aceh 
2.85294,97.6972,2015-06-29,06:36:00,57,snpp,Trumon , Aceh Selatan , Aceh 
3.19598,98.8011,2015-06-29,06:36:00,100,snpp,Trumon , Aceh Selatan , Aceh 
3.19459,98.792,2015-06-29,06:36:00,100,snpp,Trumon , Aceh Selatan , Aceh 
3.19182,98.7739,2015-06-29,06:36:00,69,snpp,Trumon , Aceh Selatan , Aceh 
3.209,98.8359,2015-06-29,06:36:00,68,snpp,Trumon , Aceh Selatan , Aceh 
3.20764,98.827,2015-06-29,06:36:00,55,snpp,Trumon , Aceh Selatan , Aceh 
3.19505,98.7943,2015-06-29,06:36:00,100,snpp,Trumon , Aceh Selatan , Aceh 
3.19218,98.7762,2015-06-29,06:36:00,74,snpp,Trumon , Aceh Selatan , Aceh 
3.20832,98.8291,2015-06-29,06:36:00,83,snpp,Trumon , Aceh Selatan , Aceh 
3.171,98.3956,2015-06-29,06:36:00,100,snpp,Trumon , Aceh Selatan , Aceh 
3.27966,98.8915,2015-06-29,06:36:00,58,snpp,Trumon , Aceh Selatan , Aceh 
3.76139,98.6666,2015-06-29,06:36:00,46,snpp,Trumon , Aceh Selatan , Aceh 
3.78376,96.6012,2015-06-29,06:36:00,76,snpp,Trumon , Aceh Selatan , Aceh 
3.78246,96.593,2015-06-29,06:36:00,76,snpp,Trumon , Aceh Selatan , Aceh 
3.85506,96.5409,2015-06-29,06:36:00,63,snpp,Trumon , Aceh Selatan , Aceh 
3.85374,96.5328,2015-06-29,06:36:00,67,snpp,Trumon , Aceh Selatan , Aceh 
4.21773,96.1163,2015-06-29,06:36:00,58,snpp,Johanpahlawan , Aceh Barat , Aceh 
4.34699,96.079,2015-06-29,06:36:00,75,snpp,Johanpahlawan , Aceh Barat , Aceh 
4.35305,96.0602,2015-06-29,06:36:00,89,snpp,Woyla , Aceh Barat , Aceh 
4.4072,95.8995,2015-06-29,06:36:00,74,snpp,Teunom , Aceh Jaya , Aceh 
4.4383,95.9218,2015-06-29,06:36:00,59,snpp,Teunom , Aceh Jaya , Aceh 
4.43689,95.9129,2015-06-29,06:36:00,60,snpp,Teunom , Aceh Jaya , Aceh 
-8,114.054,2015-06-29,17:37:00,100,snpp,Suko Sari , Bondowoso , Jawa Timur 
-8.11302,114.055,2015-06-29,17:37:00,90,snpp,Tlogosari , Bondowoso , Jawa Timur 
-8.11875,114.046,2015-06-29,17:37:00,100,snpp,Tlogosari , Bondowoso , Jawa Timur 
-8.12004,114.054,2015-06-29,17:37:00,100,snpp,Tlogosari , Bondowoso , Jawa Timur 
-8.12136,114.062,2015-06-29,17:37:00,100,snpp,Tlogosari , Bondowoso , Jawa Timur 
-8.12712,114.053,2015-06-29,17:37:00,100,snpp,Tlogosari , Bondowoso , Jawa Timur 
-3.97701,138.35,2015-06-30,04:33:00,83,snpp,Malagaineri , Lanny Jaya , Papua 
-3.38798,126.712,2015-06-30,04:33:00,77,snpp,Waepao , Kab. Maluku Tengah , Maluku 
-1.62467,134.068,2015-06-30,04:33:00,76,snpp,Ransiki , Manokwari Selatan , Papua Barat 
-9,120.574,2015-06-30,06:12:00,73,snpp,Ransiki , Manokwari Selatan , Papua Barat 
-8.12893,114.056,2015-06-30,06:12:00,73,snpp,Songgon , Banyuwangi , Jawa Timur 
-8.11978,114.065,2015-06-30,06:12:00,99,snpp,Tlogosari , Bondowoso , Jawa Timur 
-8.12132,114.055,2015-06-30,06:12:00,100,snpp,Tlogosari , Bondowoso , Jawa Timur 
-8.12286,114.046,2015-06-30,06:12:00,100,snpp,Tlogosari , Bondowoso , Jawa Timur 
-8.11376,114.054,2015-06-30,06:12:00,100,snpp,Tlogosari , Bondowoso , Jawa Timur 
-8.11608,112.925,2015-06-30,06:12:00,48,snpp,Ampel Gading , Malang , Jawa Timur 
-7,111.594,2015-06-30,06:14:00,83,snpp,Jiken , Blora , Jawa Tengah 
-7.13235,112.991,2015-06-30,06:14:00,77,snpp,Blega , Bangkalan , Jawa Timur 
-7.29151,111.791,2015-06-30,06:14:00,48,snpp,Ngasem , Bojonegoro , Jawa Timur 
-7.2764,111.843,2015-06-30,06:14:00,62,snpp,Dander , Bojonegoro , Jawa Timur 
-6.7794,110.998,2015-06-30,06:14:00,100,snpp,Margorejo , Pati , Jawa Tengah 
-5.54,104.354,2015-06-30,06:14:00,68,snpp,Bengkunat Belimbing , Pesisir Barat , Lampung 
-5.53252,104.352,2015-06-30,06:14:00,93,snpp,Bengkunat Belimbing , Pesisir Barat , Lampung 
-5.4209,104.264,2015-06-30,06:14:00,89,snpp,Bengkunat , Pesisir Barat , Lampung 
-4.80553,105.74,2015-06-30,06:14:00,58,snpp,Bengkunat , Pesisir Barat , Lampung 
-4.8029,105.742,2015-06-30,06:14:00,64,snpp,Bengkunat , Pesisir Barat , Lampung 
-2.69593,115.009,2015-06-30,06:14:00,49,snpp,Daha Barat , Hulu Sungai Selatan , Kalimantan Selatan 
-2,110.728,2015-06-30,06:15:00,55,snpp,Riam , Ketapang , Kalimantan Barat 
-2.77122,111.608,2015-06-30,06:15:00,80,snpp,Riam , Ketapang , Kalimantan Barat 
-2.53522,112.434,2015-06-30,06:15:00,56,snpp,Riam , Ketapang , Kalimantan Barat 
-3.16827,108.023,2015-06-30,06:15:00,97,snpp,Riam , Ketapang , Kalimantan Barat 
-3.52033,105.201,2015-06-30,06:15:00,65,snpp,Pedamaran , Ogan Komering Ilir , Sumatera Selatan 
-2.14359,113.772,2015-06-30,06:15:00,43,snpp,Pedamaran , Ogan Komering Ilir , Sumatera Selatan 
-2.1447,113.765,2015-06-30,06:15:00,85,snpp,Pedamaran , Ogan Komering Ilir , Sumatera Selatan 
-2.09722,113.802,2015-06-30,06:15:00,72,snpp,Pedamaran , Ogan Komering Ilir , Sumatera Selatan 
-2.09474,113.765,2015-06-30,06:15:00,96,snpp,Pedamaran , Ogan Komering Ilir , Sumatera Selatan 
-2.09587,113.758,2015-06-30,06:15:00,100,snpp,Pedamaran , Ogan Komering Ilir , Sumatera Selatan 
-2.0796,113.755,2015-06-30,06:15:00,92,snpp,Pedamaran , Ogan Komering Ilir , Sumatera Selatan 
-3.45466,104.009,2015-06-30,06:15:00,66,snpp,Rambang Dangku , Muara Enim , Sumatera Selatan 
-1.85249,114.26,2015-06-30,06:15:00,52,snpp,Rambang Dangku , Muara Enim , Sumatera Selatan 
-1.94369,113.616,2015-06-30,06:15:00,78,snpp,Rambang Dangku , Muara Enim , Sumatera Selatan 
-1.94478,113.609,2015-06-30,06:15:00,62,snpp,Rambang Dangku , Muara Enim , Sumatera Selatan 
-1.90693,113.639,2015-06-30,06:15:00,57,snpp,Rambang Dangku , Muara Enim , Sumatera Selatan 
-1.91025,113.618,2015-06-30,06:15:00,32,snpp,Rambang Dangku , Muara Enim , Sumatera Selatan 
-3.35963,104.038,2015-06-30,06:15:00,72,snpp,Rambang Dangku , Muara Enim , Sumatera Selatan 
-1.90216,113.617,2015-06-30,06:15:00,82,snpp,Rambang Dangku , Muara Enim , Sumatera Selatan 
-3.31112,104.08,2015-06-30,06:15:00,79,snpp,Tanah Abang , Penukal Abab Lematang Ilir , Sumatera Selatan 
-3.31216,104.073,2015-06-30,06:15:00,86,snpp,Tanah Abang , Penukal Abab Lematang Ilir , Sumatera Selatan 
-3.3489,103.603,2015-06-30,06:15:00,68,snpp,Muara Lakitan , Musi Rawas , Sumatera Selatan 
-3.34841,103.117,2015-06-30,06:15:00,65,snpp,Jayaloka , Musi Rawas , Sumatera Selatan 
-2.87065,106.239,2015-06-30,06:15:00,61,snpp,Jayaloka , Musi Rawas , Sumatera Selatan 
-2.07606,111.447,2015-06-30,06:15:00,71,snpp,Bulik , Lamandau , Kalimantan Tengah 
-3.20962,103.09,2015-06-30,06:15:00,73,snpp,Muara Kelingi , Musi Rawas , Sumatera Selatan 
-2.56629,106.59,2015-06-30,06:15:00,79,snpp,Muara Kelingi , Musi Rawas , Sumatera Selatan 
-2.9214,103.865,2015-06-30,06:15:00,92,snpp,Sekayu , Musi Banyuasin , Sumatera Selatan 
-2.92084,103.865,2015-06-30,06:15:00,86,snpp,Sekayu , Musi Banyuasin , Sumatera Selatan 
-1.90461,110.12,2015-06-30,06:15:00,90,snpp,Matan Hilir Selatan , Ketapang , Kalimantan Barat 
-1.05941,114.691,2015-06-30,06:15:00,67,snpp,Teweh Tengah , Barito Utara , Kalimantan Tengah 
-1.06076,114.682,2015-06-30,06:15:00,48,snpp,Teweh Tengah , Barito Utara , Kalimantan Tengah 
-1.06077,114.684,2015-06-30,06:15:00,75,snpp,Teweh Tengah , Barito Utara , Kalimantan Tengah 
-1.05198,114.682,2015-06-30,06:15:00,87,snpp,Teweh Tengah , Barito Utara , Kalimantan Tengah 
-1.74295,110.081,2015-06-30,06:15:00,65,snpp,Muara Pawan , Ketapang , Kalimantan Barat 
-1.651,110.411,2015-06-30,06:15:00,46,snpp,Nangatayap , Ketapang , Kalimantan Barat 
-2.44545,104.765,2015-06-30,06:15:00,87,snpp,Muara Telang , Banyuasin , Sumatera Selatan 
-2.12235,105.848,2015-06-30,06:15:00,53,snpp,Muara Telang , Banyuasin , Sumatera Selatan 
-2.07626,105.283,2015-06-30,06:15:00,100,snpp,Muara Telang , Banyuasin , Sumatera Selatan 
-1.98642,105.21,2015-06-30,06:15:00,81,snpp,Muara Telang , Banyuasin , Sumatera Selatan 
-2.07377,104.264,2015-06-30,06:15:00,70,snpp,Muara Telang , Banyuasin , Sumatera Selatan 
-2.07523,104.255,2015-06-30,06:15:00,100,snpp,Muara Telang , Banyuasin , Sumatera Selatan 
-1.69807,105.99,2015-06-30,06:15:00,64,snpp,Muara Telang , Banyuasin , Sumatera Selatan 
-2.34047,100.925,2015-06-30,06:15:00,82,snpp,Pancung Soal , Pesisir Selatan , Sumatera Barat 
-2.09937,102.485,2015-06-30,06:15:00,89,snpp,Bangko , Merangin , Jambi 
-1.89191,103.824,2015-06-30,06:15:00,87,snpp,Banyunglincir , Musi Banyuasin , Sumatera Selatan 
-1.83871,104.074,2015-06-30,06:15:00,99,snpp,Banyunglincir , Musi Banyuasin , Sumatera Selatan 
-1.99386,102.59,2015-06-30,06:15:00,55,snpp,Pauh , Sarolangun , Jambi 
-2.04615,102.181,2015-06-30,06:15:00,76,snpp,Bangko , Merangin , Jambi 
-1.7756,102.783,2015-06-30,06:15:00,94,snpp,Batin Xxiv , Batanghari , Jambi 
-1.87211,102.149,2015-06-30,06:15:00,68,snpp,Rantau Panjang , Merangin , Jambi 
-1.70747,102.045,2015-06-30,06:15:00,70,snpp,Muara Bungo , Bungo , Jambi 
-1.39824,104.029,2015-06-30,06:15:00,80,snpp,Kumpeh , Muaro Jambi , Jambi 
-1.48082,103.468,2015-06-30,06:15:00,69,snpp,Sekernan , Muaro Jambi , Jambi 
-1.27729,104.063,2015-06-30,06:15:00,66,snpp,Sekernan , Muaro Jambi , Jambi 
-1.46747,101.615,2015-06-30,06:15:00,100,snpp,Koto Baru , Dharmasraya , Sumatera Barat 
-1.28078,102.632,2015-06-30,06:15:00,88,snpp,Tebo Ilir , Tebo , Jambi 
-1.27852,102.631,2015-06-30,06:15:00,83,snpp,Tebo Ilir , Tebo , Jambi 
-0.203927,109.536,2015-06-30,06:15:00,77,snpp,Sungairaya , Kubu Raya , Kalimantan Barat 
-1.24054,102.535,2015-06-30,06:15:00,94,snpp,Tebo Ilir , Tebo , Jambi 
-1.09004,103.423,2015-06-30,06:15:00,71,snpp,Tungkalilir , Tanjung Jabung Barat , Jambi 
-1.0151,103.033,2015-06-30,06:15:00,58,snpp,Tungkalulu , Tanjung Jabung Barat , Jambi 
-1.06469,102.335,2015-06-30,06:15:00,91,snpp,Tebo Ilir , Tebo , Jambi 
-1.05599,102.333,2015-06-30,06:15:00,100,snpp,Tebo Ilir , Tebo , Jambi 
-1.28115,100.644,2015-06-30,06:15:00,78,snpp,Tebo Ilir , Tebo , Jambi 
-0.974111,102.22,2015-06-30,06:15:00,65,snpp,Tebo Ulu , Tebo , Jambi 
-0.956585,102.218,2015-06-30,06:15:00,62,snpp,Tebo Ilir , Tebo , Jambi 
-0.942761,102.25,2015-06-30,06:15:00,100,snpp,Tebo Ilir , Tebo , Jambi 
-0.840093,102.337,2015-06-30,06:15:00,46,snpp,Seberida , Indragiri Hulu , Riau 
-0.841379,102.329,2015-06-30,06:15:00,92,snpp,Seberida , Indragiri Hulu , Riau 
-0.840189,102.278,2015-06-30,06:15:00,71,snpp,Seberida , Indragiri Hulu , Riau 
-0.883788,101.989,2015-06-30,06:15:00,87,snpp,Tebo Ulu , Tebo , Jambi 
-0.835439,102.07,2015-06-30,06:15:00,80,snpp,Seberida , Indragiri Hulu , Riau 
-0.789232,102.322,2015-06-30,06:15:00,82,snpp,Seberida , Indragiri Hulu , Riau 
-0.787677,102.322,2015-06-30,06:15:00,86,snpp,Seberida , Indragiri Hulu , Riau 
-0.879807,101.67,2015-06-30,06:15:00,68,snpp,Pulau Punjung , Dharmasraya , Sumatera Barat 
-0.830841,101.626,2015-06-30,06:15:00,100,snpp,Pulau Punjung , Dharmasraya , Sumatera Barat 
-0.66719,102.176,2015-06-30,06:15:00,88,snpp,Pasir Penyu , Indragiri Hulu , Riau 
-0.658437,102.175,2015-06-30,06:15:00,71,snpp,Pasir Penyu , Indragiri Hulu , Riau 
-0.728413,100.818,2015-06-30,06:15:00,100,snpp,Sawah Lunto , Sijunjung , Sumatera Barat 
-0.729838,100.809,2015-06-30,06:15:00,88,snpp,Sawah Lunto , Sijunjung , Sumatera Barat 
-0.568225,101.108,2015-06-30,06:15:00,67,snpp,Sijunjung , Sijunjung , Sumatera Barat 
-0.557368,100.987,2015-06-30,06:15:00,100,snpp,Sijunjung , Sijunjung , Sumatera Barat 
-0.558819,100.977,2015-06-30,06:15:00,100,snpp,Sumpur Kudus , Sijunjung , Sumatera Barat 
-0.556059,100.989,2015-06-30,06:15:00,83,snpp,Sijunjung , Sijunjung , Sumatera Barat 
-0.557508,100.979,2015-06-30,06:15:00,100,snpp,Sumpur Kudus , Sijunjung , Sumatera Barat 
-0.289255,101.836,2015-06-30,06:15:00,47,snpp,Pangkalan Kuras , Pelalawan , Riau 
-0.271049,101.896,2015-06-30,06:15:00,100,snpp,Pangkalan Kuras , Pelalawan , Riau 
-0.272373,101.887,2015-06-30,06:15:00,85,snpp,Pangkalan Kuras , Pelalawan , Riau 
-0.306131,101.667,2015-06-30,06:15:00,67,snpp,Kuatan Hilir , Kuantan Singingi , Riau 
-0.233017,101.907,2015-06-30,06:15:00,71,snpp,Pangkalan Kuras , Pelalawan , Riau 
-0.0300418,103.087,2015-06-30,06:15:00,87,snpp,Pangkalan Kuras , Pelalawan , Riau 
-0.206467,101.904,2015-06-30,06:15:00,100,snpp,Pangkalan Kuras , Pelalawan , Riau 
-0.183182,101.883,2015-06-30,06:15:00,90,snpp,Pangkalan Kuras , Pelalawan , Riau 
-0.164963,101.765,2015-06-30,06:15:00,32,snpp,Pangkalan Kuras , Pelalawan , Riau 
-0.196251,101.56,2015-06-30,06:15:00,63,snpp,Kuatan Hilir , Kuantan Singingi , Riau 
-0.0269587,102.384,2015-06-30,06:15:00,96,snpp,Kuala Kampar , Pelalawan , Riau 
0.126074,103.293,2015-06-30,06:15:00,45,snpp,Kuala Kampar , Pelalawan , Riau 
0.131369,103.221,2015-06-30,06:15:00,67,snpp,Kuala Kampar , Pelalawan , Riau 
-0.105782,101.631,2015-06-30,06:15:00,84,snpp,Langgam , Pelalawan , Riau 
-0.165485,100.996,2015-06-30,06:15:00,99,snpp,Kampar Kiri Hulu , Kampar , Riau 
-0.166921,100.987,2015-06-30,06:15:00,83,snpp,Kampar Kiri Hulu , Kampar , Riau 
1.14044,109.22,2015-06-30,06:15:00,79,snpp,Tebas , Sambas , Kalimantan Barat 
-0.0425909,101.522,2015-06-30,06:15:00,24,snpp,Langgam , Pelalawan , Riau 
0.307069,99.9433,2015-06-30,06:15:00,55,snpp,Langgam , Pelalawan , Riau 
0.356527,99.9985,2015-06-30,06:15:00,86,snpp,Langgam , Pelalawan , Riau 
0.362172,100.002,2015-06-30,06:15:00,61,snpp,Langgam , Pelalawan , Riau 
0.360161,99.9889,2015-06-30,06:15:00,67,snpp,Langgam , Pelalawan , Riau 
0.3205,99.3351,2015-06-30,06:15:00,91,snpp,Langgam , Pelalawan , Riau 
0.731999,101.944,2015-06-30,06:15:00,52,snpp,Siak Sri Indrapura , Siak , Riau 
1,109.382,2015-06-30,06:17:00,78,snpp,Lumar , Bengkayang , Kalimantan Barat 
0.71075,99.4418,2015-06-30,06:17:00,70,snpp,Batang Natal , Mandailing Natal , Sumatera Utara 
1.1064,101.924,2015-06-30,06:17:00,51,snpp,Siak Kecil , Bengkalis , Riau 
0.712128,99.4397,2015-06-30,06:17:00,75,snpp,Batang Natal , Mandailing Natal , Sumatera Utara 
1.15099,101.634,2015-06-30,06:17:00,62,snpp,Pinggir , Bengkalis , Riau 
1.16915,101.641,2015-06-30,06:17:00,71,snpp,Pinggir , Bengkalis , Riau 
1.17797,101.64,2015-06-30,06:17:00,58,snpp,Pinggir , Bengkalis , Riau 
1.50227,101.757,2015-06-30,06:17:00,29,snpp,Pinggir , Bengkalis , Riau 
1.27858,99.3001,2015-06-30,06:17:00,75,snpp,Batang Angkola , Tapanuli Selatan , Sumatera Utara 
1.29571,98.9333,2015-06-30,06:17:00,73,snpp,Sidempuan Barat , Tapanuli Selatan , Sumatera Utara 
1.66907,99.1928,2015-06-30,06:17:00,98,snpp,Sipirok , Tapanuli Selatan , Sumatera Utara 
2.00957,100.41,2015-06-30,06:17:00,76,snpp,Bagan Sinembah , Rokan Hilir , Riau 
3.67222,108.253,2015-06-30,06:17:00,68,snpp,Bagan Sinembah , Rokan Hilir , Riau 
2.22045,98.419,2015-06-30,06:17:00,68,snpp,Pakkat , Humbang Hasundutan , Sumatera Utara 
2.21932,98.4119,2015-06-30,06:17:00,100,snpp,Pakkat , Humbang Hasundutan , Sumatera Utara 
2.39417,98.7662,2015-06-30,06:17:00,77,snpp,Pollung , Humbang Hasundutan , Sumatera Utara 
2.71579,98.0284,2015-06-30,06:17:00,68,snpp,Simpang Kiri , Kota Sulubussalam , Aceh 
3.07145,98.9137,2015-06-30,06:17:00,69,snpp,Simpang Kiri , Kota Sulubussalam , Aceh 
3.07044,98.9073,2015-06-30,06:17:00,72,snpp,Simpang Kiri , Kota Sulubussalam , Aceh 
3.07096,98.777,2015-06-30,06:17:00,36,snpp,Simpang Kiri , Kota Sulubussalam , Aceh 
3.07177,98.7813,2015-06-30,06:17:00,81,snpp,Simpang Kiri , Kota Sulubussalam , Aceh 
3.07076,98.7752,2015-06-30,06:17:00,69,snpp,Simpang Kiri , Kota Sulubussalam , Aceh 
3.77771,96.5979,2015-06-30,06:17:00,58,snpp,Simpang Kiri , Kota Sulubussalam , Aceh 
3.78659,96.5992,2015-06-30,06:17:00,74,snpp,Simpang Kiri , Kota Sulubussalam , Aceh 
4.15628,96.9549,2015-06-30,06:17:00,66,snpp,Teripejaya , Gayo Lues , Aceh 
4.15682,96.9543,2015-06-30,06:17:00,66,snpp,Teripejaya , Gayo Lues , Aceh 
4.54728,96.1669,2015-06-30,06:17:00,70,snpp,Teripejaya , Gayo Lues , Aceh 
-2,121.376,2015-06-30,17:15:00,44,snpp,Teripejaya , Gayo Lues , Aceh 
-2.57446,121.383,2015-06-30,17:15:00,65,snpp,Nuha , Luwu Timur , Sulawesi Selatan 
-2.58007,121.375,2015-06-30,17:15:00,100,snpp,Nuha , Luwu Timur , Sulawesi Selatan 
-8,119.068,2015-06-30,17:18:00,62,snpp,Nuha , Luwu Timur , Sulawesi Selatan 
-8.11532,114.054,2015-06-30,17:18:00,100,snpp,Tlogosari , Bondowoso , Jawa Timur 
-8.12481,114.053,2015-06-30,17:18:00,100,snpp,Tlogosari , Bondowoso , Jawa Timur 
-8.12644,114.063,2015-06-30,17:18:00,28,snpp,Songgon , Banyuwangi , Jawa Timur 
3,98.3932,2015-06-30,18:56:00,100,snpp,Songgon , Banyuwangi , Jawa Timur 
2.58194,100.169,2015-06-30,18:56:00,70,snpp,Panei Hilir , Labuhanbatu , Sumatera Utara 
2.58079,100.176,2015-06-30,18:56:00,100,snpp,Panei Hilir , Labuhanbatu , Sumatera Utara 
1.71458,101.326,2015-06-30,18:56:00,61,snpp,Dumai Barat , Kota Dumai , Riau 
1.40119,102.233,2015-06-30,18:56:00,30,snpp,Dumai Barat , Kota Dumai , Riau 
1.1815,101.627,2015-06-30,18:56:00,37,snpp,Pinggir , Bengkalis , Riau 
1.11434,101.064,2015-06-30,18:56:00,61,snpp,Pinggir , Bengkalis , Riau 
-0.0245473,102.378,2015-06-30,18:56:00,18,snpp,Kuala Kampar , Pelalawan , Riau 
-0.184139,101.861,2015-06-30,18:56:00,58,snpp,Pangkalan Kuras , Pelalawan , Riau 
-0.20511,101.896,2015-06-30,18:56:00,100,snpp,Pangkalan Kuras , Pelalawan , Riau 
-0.206568,101.905,2015-06-30,18:56:00,100,snpp,Pangkalan Kuras , Pelalawan , Riau 
-0.214174,101.904,2015-06-30,18:56:00,100,snpp,Pangkalan Kuras , Pelalawan , Riau 
-0.409861,102.941,2015-06-30,18:56:00,14,snpp,Tempuling , Indragiri Hilir , Riau 
-1.11495,102.731,2015-06-30,18:56:00,57,snpp,Tungkalulu , Tanjung Jabung Barat , Jambi 
-1.17236,102.459,2015-06-30,18:56:00,66,snpp,Tebo Ilir , Tebo , Jambi 
